4294A REV1.11
"DATE:     52 -100"


"MEASURE PARAMETER: IMPEDANCE MAG PHASE (DEG)"
"ADAPTER: 7mm"
"SWEEP TYPE: LOG FREQ"
"NUMBER of POINTS: 801"
"POINT DELAY TIME:  0 Sec"
"SWEEP DELAY TIME:  0 Sec"
"OSC LEVEL:  500 mVolt"
"DC BIAS: OFF"
"BW: 5"
"SWEEP AVERAGING: 16"
"POINT AVERAGING: 4"


"TRACE: A"
"FORMAT: LOG"

"Frequency"	"Data Trace Real"	"Data Trace Imag"
2.55000000000e+04	1.088817e+03	0.000000e+00
2.55077330000e+04	1.087328e+03	0.000000e+00
2.55154680000e+04	1.085819e+03	0.000000e+00
2.55232060000e+04	1.084317e+03	0.000000e+00
2.55309450000e+04	1.082777e+03	0.000000e+00
2.55386880000e+04	1.081247e+03	0.000000e+00
2.55464320000e+04	1.079712e+03	0.000000e+00
2.55541790000e+04	1.078144e+03	0.000000e+00
2.55619280000e+04	1.076541e+03	0.000000e+00
2.55696800000e+04	1.074939e+03	0.000000e+00
2.55774340000e+04	1.073436e+03	0.000000e+00
2.55851900000e+04	1.071865e+03	0.000000e+00
2.55929490000e+04	1.070363e+03	0.000000e+00
2.56007100000e+04	1.068917e+03	0.000000e+00
2.56084730000e+04	1.067295e+03	0.000000e+00
2.56162390000e+04	1.065664e+03	0.000000e+00
2.56240070000e+04	1.064123e+03	0.000000e+00
2.56317770000e+04	1.062653e+03	0.000000e+00
2.56395500000e+04	1.061106e+03	0.000000e+00
2.56473250000e+04	1.059538e+03	0.000000e+00
2.56551030000e+04	1.057990e+03	0.000000e+00
2.56628830000e+04	1.056444e+03	0.000000e+00
2.56706650000e+04	1.054863e+03	0.000000e+00
2.56784490000e+04	1.053278e+03	0.000000e+00
2.56862360000e+04	1.051664e+03	0.000000e+00
2.56940260000e+04	1.050026e+03	0.000000e+00
2.57018170000e+04	1.048229e+03	0.000000e+00
2.57096110000e+04	1.046609e+03	0.000000e+00
2.57174080000e+04	1.045041e+03	0.000000e+00
2.57252070000e+04	1.043359e+03	0.000000e+00
2.57330080000e+04	1.041754e+03	0.000000e+00
2.57408110000e+04	1.040107e+03	0.000000e+00
2.57486170000e+04	1.038488e+03	0.000000e+00
2.57564250000e+04	1.036844e+03	0.000000e+00
2.57642360000e+04	1.035196e+03	0.000000e+00
2.57720490000e+04	1.033526e+03	0.000000e+00
2.57798640000e+04	1.031925e+03	0.000000e+00
2.57876820000e+04	1.030272e+03	0.000000e+00
2.57955020000e+04	1.028572e+03	0.000000e+00
2.58033240000e+04	1.026928e+03	0.000000e+00
2.58111490000e+04	1.025297e+03	0.000000e+00
2.58189760000e+04	1.023590e+03	0.000000e+00
2.58268060000e+04	1.021908e+03	0.000000e+00
2.58346380000e+04	1.020209e+03	0.000000e+00
2.58424720000e+04	1.018532e+03	0.000000e+00
2.58503090000e+04	1.016839e+03	0.000000e+00
2.58581480000e+04	1.015133e+03	0.000000e+00
2.58659890000e+04	1.013418e+03	0.000000e+00
2.58738330000e+04	1.011679e+03	0.000000e+00
2.58816790000e+04	1.009972e+03	0.000000e+00
2.58895280000e+04	1.008228e+03	0.000000e+00
2.58973790000e+04	1.006531e+03	0.000000e+00
2.59052320000e+04	1.004804e+03	0.000000e+00
2.59130880000e+04	1.003052e+03	0.000000e+00
2.59209460000e+04	1.001330e+03	0.000000e+00
2.59288060000e+04	9.995422e+02	0.000000e+00
2.59366690000e+04	9.978023e+02	0.000000e+00
2.59445340000e+04	9.960532e+02	0.000000e+00
2.59524020000e+04	9.942744e+02	0.000000e+00
2.59602720000e+04	9.924886e+02	0.000000e+00
2.59681440000e+04	9.907580e+02	0.000000e+00
2.59760190000e+04	9.889918e+02	0.000000e+00
2.59838960000e+04	9.871565e+02	0.000000e+00
2.59917760000e+04	9.853897e+02	0.000000e+00
2.59996580000e+04	9.835990e+02	0.000000e+00
2.60075420000e+04	9.818143e+02	0.000000e+00
2.60154290000e+04	9.800206e+02	0.000000e+00
2.60233180000e+04	9.782365e+02	0.000000e+00
2.60312100000e+04	9.763838e+02	0.000000e+00
2.60391040000e+04	9.746069e+02	0.000000e+00
2.60470000000e+04	9.727727e+02	0.000000e+00
2.60548990000e+04	9.709872e+02	0.000000e+00
2.60628000000e+04	9.691265e+02	0.000000e+00
2.60707030000e+04	9.672919e+02	0.000000e+00
2.60786090000e+04	9.654446e+02	0.000000e+00
2.60865170000e+04	9.636035e+02	0.000000e+00
2.60944280000e+04	9.617430e+02	0.000000e+00
2.61023410000e+04	9.598912e+02	0.000000e+00
2.61102570000e+04	9.580059e+02	0.000000e+00
2.61181750000e+04	9.561108e+02	0.000000e+00
2.61260950000e+04	9.542378e+02	0.000000e+00
2.61340170000e+04	9.523550e+02	0.000000e+00
2.61419430000e+04	9.504594e+02	0.000000e+00
2.61498700000e+04	9.485612e+02	0.000000e+00
2.61578000000e+04	9.466576e+02	0.000000e+00
2.61657320000e+04	9.447509e+02	0.000000e+00
2.61736670000e+04	9.428591e+02	0.000000e+00
2.61816040000e+04	9.409188e+02	0.000000e+00
2.61895440000e+04	9.389670e+02	0.000000e+00
2.61974860000e+04	9.370277e+02	0.000000e+00
2.62054300000e+04	9.351167e+02	0.000000e+00
2.62133770000e+04	9.331736e+02	0.000000e+00
2.62213260000e+04	9.312362e+02	0.000000e+00
2.62292770000e+04	9.292676e+02	0.000000e+00
2.62372310000e+04	9.273019e+02	0.000000e+00
2.62451880000e+04	9.252960e+02	0.000000e+00
2.62531470000e+04	9.233276e+02	0.000000e+00
2.62611080000e+04	9.213288e+02	0.000000e+00
2.62690710000e+04	9.193521e+02	0.000000e+00
2.62770370000e+04	9.173130e+02	0.000000e+00
2.62850060000e+04	9.153218e+02	0.000000e+00
2.62929770000e+04	9.133358e+02	0.000000e+00
2.63009500000e+04	9.112949e+02	0.000000e+00
2.63089260000e+04	9.092671e+02	0.000000e+00
2.63169040000e+04	9.072479e+02	0.000000e+00
2.63248840000e+04	9.052209e+02	0.000000e+00
2.63328670000e+04	9.031463e+02	0.000000e+00
2.63408530000e+04	9.010787e+02	0.000000e+00
2.63488410000e+04	8.990125e+02	0.000000e+00
2.63568310000e+04	8.969451e+02	0.000000e+00
2.63648230000e+04	8.948347e+02	0.000000e+00
2.63728190000e+04	8.927729e+02	0.000000e+00
2.63808160000e+04	8.906814e+02	0.000000e+00
2.63888160000e+04	8.885527e+02	0.000000e+00
2.63968180000e+04	8.864395e+02	0.000000e+00
2.64048230000e+04	8.842972e+02	0.000000e+00
2.64128300000e+04	8.821684e+02	0.000000e+00
2.64208400000e+04	8.800936e+02	0.000000e+00
2.64288520000e+04	8.779454e+02	0.000000e+00
2.64368670000e+04	8.758201e+02	0.000000e+00
2.64448830000e+04	8.736597e+02	0.000000e+00
2.64529030000e+04	8.714911e+02	0.000000e+00
2.64609250000e+04	8.693566e+02	0.000000e+00
2.64689490000e+04	8.671597e+02	0.000000e+00
2.64769750000e+04	8.649645e+02	0.000000e+00
2.64850050000e+04	8.627750e+02	0.000000e+00
2.64930360000e+04	8.605889e+02	0.000000e+00
2.65010700000e+04	8.583753e+02	0.000000e+00
2.65091060000e+04	8.561607e+02	0.000000e+00
2.65171450000e+04	8.539424e+02	0.000000e+00
2.65251870000e+04	8.516997e+02	0.000000e+00
2.65332300000e+04	8.494461e+02	0.000000e+00
2.65412760000e+04	8.472139e+02	0.000000e+00
2.65493250000e+04	8.449448e+02	0.000000e+00
2.65573760000e+04	8.426644e+02	0.000000e+00
2.65654300000e+04	8.403812e+02	0.000000e+00
2.65734850000e+04	8.380841e+02	0.000000e+00
2.65815440000e+04	8.357747e+02	0.000000e+00
2.65896050000e+04	8.334996e+02	0.000000e+00
2.65976680000e+04	8.311669e+02	0.000000e+00
2.66057340000e+04	8.288608e+02	0.000000e+00
2.66138020000e+04	8.265078e+02	0.000000e+00
2.66218720000e+04	8.241694e+02	0.000000e+00
2.66299450000e+04	8.218170e+02	0.000000e+00
2.66380210000e+04	8.194294e+02	0.000000e+00
2.66460990000e+04	8.170682e+02	0.000000e+00
2.66541790000e+04	8.146883e+02	0.000000e+00
2.66622620000e+04	8.122939e+02	0.000000e+00
2.66703470000e+04	8.099117e+02	0.000000e+00
2.66784350000e+04	8.074848e+02	0.000000e+00
2.66865250000e+04	8.050817e+02	0.000000e+00
2.66946180000e+04	8.026566e+02	0.000000e+00
2.67027130000e+04	8.002251e+02	0.000000e+00
2.67108100000e+04	7.977569e+02	0.000000e+00
2.67189100000e+04	7.952784e+02	0.000000e+00
2.67270130000e+04	7.928335e+02	0.000000e+00
2.67351180000e+04	7.903583e+02	0.000000e+00
2.67432250000e+04	7.878604e+02	0.000000e+00
2.67513350000e+04	7.853797e+02	0.000000e+00
2.67594470000e+04	7.828545e+02	0.000000e+00
2.67675620000e+04	7.803265e+02	0.000000e+00
2.67756790000e+04	7.778154e+02	0.000000e+00
2.67837990000e+04	7.752625e+02	0.000000e+00
2.67919210000e+04	7.727154e+02	0.000000e+00
2.68000460000e+04	7.701246e+02	0.000000e+00
2.68081730000e+04	7.675562e+02	0.000000e+00
2.68163020000e+04	7.649205e+02	0.000000e+00
2.68244340000e+04	7.623365e+02	0.000000e+00
2.68325690000e+04	7.597422e+02	0.000000e+00
2.68407060000e+04	7.570900e+02	0.000000e+00
2.68488450000e+04	7.544170e+02	0.000000e+00
2.68569870000e+04	7.517854e+02	0.000000e+00
2.68651310000e+04	7.491453e+02	0.000000e+00
2.68732780000e+04	7.464724e+02	0.000000e+00
2.68814270000e+04	7.437462e+02	0.000000e+00
2.68895790000e+04	7.410795e+02	0.000000e+00
2.68977330000e+04	7.383651e+02	0.000000e+00
2.69058900000e+04	7.356535e+02	0.000000e+00
2.69140490000e+04	7.329169e+02	0.000000e+00
2.69222110000e+04	7.301752e+02	0.000000e+00
2.69303750000e+04	7.274315e+02	0.000000e+00
2.69385410000e+04	7.246654e+02	0.000000e+00
2.69467100000e+04	7.218792e+02	0.000000e+00
2.69548820000e+04	7.190928e+02	0.000000e+00
2.69630560000e+04	7.162524e+02	0.000000e+00
2.69712320000e+04	7.133941e+02	0.000000e+00
2.69794110000e+04	7.105514e+02	0.000000e+00
2.69875930000e+04	7.076673e+02	0.000000e+00
2.69957770000e+04	7.047943e+02	0.000000e+00
2.70039630000e+04	7.018824e+02	0.000000e+00
2.70121520000e+04	6.989413e+02	0.000000e+00
2.70203430000e+04	6.960006e+02	0.000000e+00
2.70285370000e+04	6.930349e+02	0.000000e+00
2.70367340000e+04	6.900693e+02	0.000000e+00
2.70449320000e+04	6.871050e+02	0.000000e+00
2.70531340000e+04	6.841639e+02	0.000000e+00
2.70613380000e+04	6.811805e+02	0.000000e+00
2.70695440000e+04	6.781805e+02	0.000000e+00
2.70777530000e+04	6.751670e+02	0.000000e+00
2.70859640000e+04	6.721011e+02	0.000000e+00
2.70941780000e+04	6.690654e+02	0.000000e+00
2.71023940000e+04	6.659683e+02	0.000000e+00
2.71106130000e+04	6.628884e+02	0.000000e+00
2.71188340000e+04	6.597583e+02	0.000000e+00
2.71270580000e+04	6.566310e+02	0.000000e+00
2.71352840000e+04	6.534809e+02	0.000000e+00
2.71435130000e+04	6.502936e+02	0.000000e+00
2.71517440000e+04	6.471068e+02	0.000000e+00
2.71599780000e+04	6.439307e+02	0.000000e+00
2.71682140000e+04	6.407479e+02	0.000000e+00
2.71764530000e+04	6.375362e+02	0.000000e+00
2.71846940000e+04	6.343109e+02	0.000000e+00
2.71929370000e+04	6.311074e+02	0.000000e+00
2.72011840000e+04	6.278156e+02	0.000000e+00
2.72094320000e+04	6.245205e+02	0.000000e+00
2.72176840000e+04	6.212249e+02	0.000000e+00
2.72259370000e+04	6.179362e+02	0.000000e+00
2.72341930000e+04	6.146279e+02	0.000000e+00
2.72424520000e+04	6.112983e+02	0.000000e+00
2.72507130000e+04	6.079902e+02	0.000000e+00
2.72589770000e+04	6.046362e+02	0.000000e+00
2.72672430000e+04	6.012569e+02	0.000000e+00
2.72755120000e+04	5.978588e+02	0.000000e+00
2.72837830000e+04	5.944335e+02	0.000000e+00
2.72920570000e+04	5.910074e+02	0.000000e+00
2.73003330000e+04	5.875385e+02	0.000000e+00
2.73086120000e+04	5.840704e+02	0.000000e+00
2.73168930000e+04	5.805399e+02	0.000000e+00
2.73251770000e+04	5.769400e+02	0.000000e+00
2.73334640000e+04	5.733398e+02	0.000000e+00
2.73417520000e+04	5.697805e+02	0.000000e+00
2.73500440000e+04	5.661755e+02	0.000000e+00
2.73583370000e+04	5.625643e+02	0.000000e+00
2.73666340000e+04	5.589510e+02	0.000000e+00
2.73749330000e+04	5.552972e+02	0.000000e+00
2.73832340000e+04	5.515597e+02	0.000000e+00
2.73915380000e+04	5.478119e+02	0.000000e+00
2.73998440000e+04	5.440469e+02	0.000000e+00
2.74081530000e+04	5.402811e+02	0.000000e+00
2.74164650000e+04	5.364583e+02	0.000000e+00
2.74247790000e+04	5.326261e+02	0.000000e+00
2.74330950000e+04	5.287962e+02	0.000000e+00
2.74414140000e+04	5.249086e+02	0.000000e+00
2.74497360000e+04	5.210336e+02	0.000000e+00
2.74580600000e+04	5.171692e+02	0.000000e+00
2.74663870000e+04	5.132455e+02	0.000000e+00
2.74747160000e+04	5.093005e+02	0.000000e+00
2.74830470000e+04	5.053014e+02	0.000000e+00
2.74913820000e+04	5.012595e+02	0.000000e+00
2.74997180000e+04	4.972032e+02	0.000000e+00
2.75080580000e+04	4.931096e+02	0.000000e+00
2.75163990000e+04	4.889847e+02	0.000000e+00
2.75247440000e+04	4.848644e+02	0.000000e+00
2.75330900000e+04	4.807009e+02	0.000000e+00
2.75414400000e+04	4.765063e+02	0.000000e+00
2.75497920000e+04	4.722430e+02	0.000000e+00
2.75581460000e+04	4.679849e+02	0.000000e+00
2.75665030000e+04	4.636916e+02	0.000000e+00
2.75748630000e+04	4.593663e+02	0.000000e+00
2.75832250000e+04	4.549950e+02	0.000000e+00
2.75915890000e+04	4.506370e+02	0.000000e+00
2.75999560000e+04	4.462248e+02	0.000000e+00
2.76083260000e+04	4.417679e+02	0.000000e+00
2.76166980000e+04	4.372956e+02	0.000000e+00
2.76250730000e+04	4.327876e+02	0.000000e+00
2.76334500000e+04	4.282370e+02	0.000000e+00
2.76418300000e+04	4.236773e+02	0.000000e+00
2.76502120000e+04	4.191229e+02	0.000000e+00
2.76585970000e+04	4.144918e+02	0.000000e+00
2.76669840000e+04	4.098457e+02	0.000000e+00
2.76753740000e+04	4.051342e+02	0.000000e+00
2.76837670000e+04	4.000520e+02	0.000000e+00
2.76921620000e+04	3.952539e+02	0.000000e+00
2.77005590000e+04	3.903981e+02	0.000000e+00
2.77089600000e+04	3.855175e+02	0.000000e+00
2.77173620000e+04	3.806105e+02	0.000000e+00
2.77257680000e+04	3.757083e+02	0.000000e+00
2.77341750000e+04	3.707611e+02	0.000000e+00
2.77425860000e+04	3.657787e+02	0.000000e+00
2.77509990000e+04	3.607701e+02	0.000000e+00
2.77594140000e+04	3.557184e+02	0.000000e+00
2.77678320000e+04	3.505960e+02	0.000000e+00
2.77762530000e+04	3.454143e+02	0.000000e+00
2.77846760000e+04	3.401986e+02	0.000000e+00
2.77931010000e+04	3.349092e+02	0.000000e+00
2.78015290000e+04	3.296126e+02	0.000000e+00
2.78099600000e+04	3.242501e+02	0.000000e+00
2.78183940000e+04	3.188743e+02	0.000000e+00
2.78268290000e+04	3.134222e+02	0.000000e+00
2.78352680000e+04	3.079221e+02	0.000000e+00
2.78437090000e+04	3.023804e+02	0.000000e+00
2.78521520000e+04	2.967767e+02	0.000000e+00
2.78605980000e+04	2.911064e+02	0.000000e+00
2.78690470000e+04	2.853817e+02	0.000000e+00
2.78774980000e+04	2.796490e+02	0.000000e+00
2.78859520000e+04	2.739036e+02	0.000000e+00
2.78944090000e+04	2.681591e+02	0.000000e+00
2.79028670000e+04	2.623977e+02	0.000000e+00
2.79113290000e+04	2.566287e+02	0.000000e+00
2.79197930000e+04	2.508708e+02	0.000000e+00
2.79282600000e+04	2.451268e+02	0.000000e+00
2.79367290000e+04	2.394405e+02	0.000000e+00
2.79452010000e+04	2.338190e+02	0.000000e+00
2.79536750000e+04	2.282766e+02	0.000000e+00
2.79621520000e+04	2.228693e+02	0.000000e+00
2.79706310000e+04	2.175931e+02	0.000000e+00
2.79791130000e+04	2.125062e+02	0.000000e+00
2.79875980000e+04	2.076489e+02	0.000000e+00
2.79960850000e+04	2.030535e+02	0.000000e+00
2.80045750000e+04	1.987693e+02	0.000000e+00
2.80130670000e+04	1.948080e+02	0.000000e+00
2.80215620000e+04	1.912200e+02	0.000000e+00
2.80300600000e+04	1.880041e+02	0.000000e+00
2.80385600000e+04	1.851830e+02	0.000000e+00
2.80470620000e+04	1.827457e+02	0.000000e+00
2.80555670000e+04	1.807057e+02	0.000000e+00
2.80640750000e+04	1.790458e+02	0.000000e+00
2.80725860000e+04	1.777481e+02	0.000000e+00
2.80810990000e+04	1.768228e+02	0.000000e+00
2.80896140000e+04	1.762256e+02	0.000000e+00
2.80981320000e+04	1.759406e+02	0.000000e+00
2.81066530000e+04	1.759698e+02	0.000000e+00
2.81151760000e+04	1.762746e+02	0.000000e+00
2.81237020000e+04	1.768549e+02	0.000000e+00
2.81322310000e+04	1.776864e+02	0.000000e+00
2.81407620000e+04	1.787637e+02	0.000000e+00
2.81492950000e+04	1.800649e+02	0.000000e+00
2.81578310000e+04	1.815698e+02	0.000000e+00
2.81663700000e+04	1.832951e+02	0.000000e+00
2.81749120000e+04	1.852433e+02	0.000000e+00
2.81834560000e+04	1.873878e+02	0.000000e+00
2.81920020000e+04	1.897108e+02	0.000000e+00
2.82005510000e+04	1.922225e+02	0.000000e+00
2.82091030000e+04	1.948993e+02	0.000000e+00
2.82176580000e+04	1.977390e+02	0.000000e+00
2.82262140000e+04	2.007724e+02	0.000000e+00
2.82347740000e+04	2.039620e+02	0.000000e+00
2.82433360000e+04	2.073230e+02	0.000000e+00
2.82519010000e+04	2.108244e+02	0.000000e+00
2.82604680000e+04	2.144877e+02	0.000000e+00
2.82690380000e+04	2.183221e+02	0.000000e+00
2.82776110000e+04	2.222722e+02	0.000000e+00
2.82861860000e+04	2.263820e+02	0.000000e+00
2.82947640000e+04	2.306589e+02	0.000000e+00
2.83033440000e+04	2.350779e+02	0.000000e+00
2.83119270000e+04	2.396575e+02	0.000000e+00
2.83205120000e+04	2.443726e+02	0.000000e+00
2.83291000000e+04	2.491996e+02	0.000000e+00
2.83376910000e+04	2.541806e+02	0.000000e+00
2.83462850000e+04	2.593256e+02	0.000000e+00
2.83548810000e+04	2.646210e+02	0.000000e+00
2.83634790000e+04	2.700804e+02	0.000000e+00
2.83720800000e+04	2.757683e+02	0.000000e+00
2.83806840000e+04	2.816140e+02	0.000000e+00
2.83892900000e+04	2.876248e+02	0.000000e+00
2.83978990000e+04	2.937794e+02	0.000000e+00
2.84065110000e+04	3.001037e+02	0.000000e+00
2.84151250000e+04	3.065670e+02	0.000000e+00
2.84237420000e+04	3.131783e+02	0.000000e+00
2.84323620000e+04	3.199418e+02	0.000000e+00
2.84409840000e+04	3.268500e+02	0.000000e+00
2.84496080000e+04	3.339526e+02	0.000000e+00
2.84582360000e+04	3.412439e+02	0.000000e+00
2.84668650000e+04	3.486839e+02	0.000000e+00
2.84754980000e+04	3.563048e+02	0.000000e+00
2.84841330000e+04	3.640973e+02	0.000000e+00
2.84927710000e+04	3.720560e+02	0.000000e+00
2.85014110000e+04	3.801913e+02	0.000000e+00
2.85100540000e+04	3.884697e+02	0.000000e+00
2.85187000000e+04	3.969341e+02	0.000000e+00
2.85273480000e+04	4.055527e+02	0.000000e+00
2.85359990000e+04	4.143114e+02	0.000000e+00
2.85446520000e+04	4.232467e+02	0.000000e+00
2.85533090000e+04	4.323928e+02	0.000000e+00
2.85619670000e+04	4.416745e+02	0.000000e+00
2.85706290000e+04	4.511770e+02	0.000000e+00
2.85792930000e+04	4.608727e+02	0.000000e+00
2.85879590000e+04	4.707158e+02	0.000000e+00
2.85966280000e+04	4.807233e+02	0.000000e+00
2.86053000000e+04	4.909213e+02	0.000000e+00
2.86139750000e+04	5.012702e+02	0.000000e+00
2.86226520000e+04	5.121481e+02	0.000000e+00
2.86313320000e+04	5.228497e+02	0.000000e+00
2.86400140000e+04	5.337546e+02	0.000000e+00
2.86486990000e+04	5.448629e+02	0.000000e+00
2.86573870000e+04	5.561744e+02	0.000000e+00
2.86660770000e+04	5.677040e+02	0.000000e+00
2.86747700000e+04	5.793304e+02	0.000000e+00
2.86834660000e+04	5.911917e+02	0.000000e+00
2.86921640000e+04	6.032411e+02	0.000000e+00
2.87008650000e+04	6.154742e+02	0.000000e+00
2.87095680000e+04	6.278110e+02	0.000000e+00
2.87182740000e+04	6.403887e+02	0.000000e+00
2.87269830000e+04	6.532021e+02	0.000000e+00
2.87356940000e+04	6.662126e+02	0.000000e+00
2.87444080000e+04	6.794251e+02	0.000000e+00
2.87531250000e+04	6.928508e+02	0.000000e+00
2.87618440000e+04	7.065449e+02	0.000000e+00
2.87705660000e+04	7.205206e+02	0.000000e+00
2.87792910000e+04	7.348151e+02	0.000000e+00
2.87880180000e+04	7.493072e+02	0.000000e+00
2.87967480000e+04	7.640245e+02	0.000000e+00
2.88054810000e+04	7.789146e+02	0.000000e+00
2.88142160000e+04	7.940150e+02	0.000000e+00
2.88229540000e+04	8.093818e+02	0.000000e+00
2.88316940000e+04	8.250366e+02	0.000000e+00
2.88404380000e+04	8.408922e+02	0.000000e+00
2.88491830000e+04	8.570851e+02	0.000000e+00
2.88579320000e+04	8.734200e+02	0.000000e+00
2.88666830000e+04	8.900081e+02	0.000000e+00
2.88754370000e+04	9.069187e+02	0.000000e+00
2.88841930000e+04	9.240975e+02	0.000000e+00
2.88929520000e+04	9.415807e+02	0.000000e+00
2.89017140000e+04	9.592731e+02	0.000000e+00
2.89104780000e+04	9.773252e+02	0.000000e+00
2.89192450000e+04	9.956824e+02	0.000000e+00
2.89280150000e+04	1.014493e+03	0.000000e+00
2.89367870000e+04	1.033375e+03	0.000000e+00
2.89455620000e+04	1.052408e+03	0.000000e+00
2.89543400000e+04	1.071824e+03	0.000000e+00
2.89631200000e+04	1.091517e+03	0.000000e+00
2.89719030000e+04	1.111707e+03	0.000000e+00
2.89806890000e+04	1.132224e+03	0.000000e+00
2.89894770000e+04	1.153100e+03	0.000000e+00
2.89982680000e+04	1.174315e+03	0.000000e+00
2.90070620000e+04	1.196016e+03	0.000000e+00
2.90158580000e+04	1.217979e+03	0.000000e+00
2.90246570000e+04	1.240300e+03	0.000000e+00
2.90334590000e+04	1.263189e+03	0.000000e+00
2.90422630000e+04	1.286493e+03	0.000000e+00
2.90510700000e+04	1.310284e+03	0.000000e+00
2.90598800000e+04	1.334411e+03	0.000000e+00
2.90686930000e+04	1.359018e+03	0.000000e+00
2.90775080000e+04	1.384112e+03	0.000000e+00
2.90863250000e+04	1.409501e+03	0.000000e+00
2.90951460000e+04	1.435507e+03	0.000000e+00
2.91039690000e+04	1.462121e+03	0.000000e+00
2.91127940000e+04	1.489332e+03	0.000000e+00
2.91216230000e+04	1.516876e+03	0.000000e+00
2.91304540000e+04	1.544956e+03	0.000000e+00
2.91392880000e+04	1.573665e+03	0.000000e+00
2.91481240000e+04	1.602925e+03	0.000000e+00
2.91569630000e+04	1.632700e+03	0.000000e+00
2.91658050000e+04	1.663179e+03	0.000000e+00
2.91746490000e+04	1.694140e+03	0.000000e+00
2.91834970000e+04	1.725728e+03	0.000000e+00
2.91923460000e+04	1.758008e+03	0.000000e+00
2.92011990000e+04	1.790987e+03	0.000000e+00
2.92100540000e+04	1.824575e+03	0.000000e+00
2.92189120000e+04	1.858872e+03	0.000000e+00
2.92277730000e+04	1.893825e+03	0.000000e+00
2.92366360000e+04	1.929475e+03	0.000000e+00
2.92455020000e+04	1.965879e+03	0.000000e+00
2.92543700000e+04	2.003074e+03	0.000000e+00
2.92632420000e+04	2.041119e+03	0.000000e+00
2.92721160000e+04	2.080139e+03	0.000000e+00
2.92809920000e+04	2.120026e+03	0.000000e+00
2.92898720000e+04	2.160827e+03	0.000000e+00
2.92987540000e+04	2.202457e+03	0.000000e+00
2.93076390000e+04	2.244828e+03	0.000000e+00
2.93165260000e+04	2.287802e+03	0.000000e+00
2.93254160000e+04	2.331540e+03	0.000000e+00
2.93343090000e+04	2.376511e+03	0.000000e+00
2.93432050000e+04	2.422447e+03	0.000000e+00
2.93521030000e+04	2.469766e+03	0.000000e+00
2.93610040000e+04	2.518079e+03	0.000000e+00
2.93699080000e+04	2.567798e+03	0.000000e+00
2.93788140000e+04	2.618809e+03	0.000000e+00
2.93877230000e+04	2.671526e+03	0.000000e+00
2.93966350000e+04	2.725358e+03	0.000000e+00
2.94055490000e+04	2.780749e+03	0.000000e+00
2.94144670000e+04	2.837495e+03	0.000000e+00
2.94233870000e+04	2.895539e+03	0.000000e+00
2.94323090000e+04	2.955106e+03	0.000000e+00
2.94412340000e+04	3.016374e+03	0.000000e+00
2.94501620000e+04	3.079085e+03	0.000000e+00
2.94590930000e+04	3.143615e+03	0.000000e+00
2.94680270000e+04	3.209988e+03	0.000000e+00
2.94769630000e+04	3.278579e+03	0.000000e+00
2.94859010000e+04	3.348531e+03	0.000000e+00
2.94948430000e+04	3.420021e+03	0.000000e+00
2.95037870000e+04	3.493826e+03	0.000000e+00
2.95127340000e+04	3.570054e+03	0.000000e+00
2.95216840000e+04	3.648387e+03	0.000000e+00
2.95306360000e+04	3.728941e+03	0.000000e+00
2.95395910000e+04	3.812079e+03	0.000000e+00
2.95485490000e+04	3.897771e+03	0.000000e+00
2.95575100000e+04	3.986722e+03	0.000000e+00
2.95664730000e+04	4.079495e+03	0.000000e+00
2.95754390000e+04	4.174831e+03	0.000000e+00
2.95844080000e+04	4.273438e+03	0.000000e+00
2.95933790000e+04	4.375020e+03	0.000000e+00
2.96023530000e+04	4.479929e+03	0.000000e+00
2.96113300000e+04	4.588324e+03	0.000000e+00
2.96203100000e+04	4.700450e+03	0.000000e+00
2.96292920000e+04	4.816041e+03	0.000000e+00
2.96382770000e+04	4.935127e+03	0.000000e+00
2.96472650000e+04	5.058735e+03	0.000000e+00
2.96562550000e+04	5.185639e+03	0.000000e+00
2.96652480000e+04	5.317220e+03	0.000000e+00
2.96742440000e+04	5.453761e+03	0.000000e+00
2.96832430000e+04	5.595788e+03	0.000000e+00
2.96922440000e+04	5.743186e+03	0.000000e+00
2.97012480000e+04	5.896174e+03	0.000000e+00
2.97102550000e+04	6.055569e+03	0.000000e+00
2.97192650000e+04	6.221035e+03	0.000000e+00
2.97282770000e+04	6.392634e+03	0.000000e+00
2.97372920000e+04	6.570479e+03	0.000000e+00
2.97463100000e+04	6.755585e+03	0.000000e+00
2.97553310000e+04	6.947211e+03	0.000000e+00
2.97643540000e+04	7.146432e+03	0.000000e+00
2.97733800000e+04	7.354322e+03	0.000000e+00
2.97824080000e+04	7.570501e+03	0.000000e+00
2.97914400000e+04	7.794616e+03	0.000000e+00
2.98004740000e+04	8.026870e+03	0.000000e+00
2.98095110000e+04	8.267479e+03	0.000000e+00
2.98185510000e+04	8.518721e+03	0.000000e+00
2.98275930000e+04	8.778603e+03	0.000000e+00
2.98366380000e+04	9.046776e+03	0.000000e+00
2.98456860000e+04	9.325025e+03	0.000000e+00
2.98547370000e+04	9.611868e+03	0.000000e+00
2.98637900000e+04	9.907154e+03	0.000000e+00
2.98728460000e+04	1.021174e+04	0.000000e+00
2.98819050000e+04	1.052362e+04	0.000000e+00
2.98909670000e+04	1.084359e+04	0.000000e+00
2.99000310000e+04	1.116465e+04	0.000000e+00
2.99090980000e+04	1.149359e+04	0.000000e+00
2.99181680000e+04	1.182309e+04	0.000000e+00
2.99272410000e+04	1.215084e+04	0.000000e+00
2.99363160000e+04	1.247863e+04	0.000000e+00
2.99453940000e+04	1.279826e+04	0.000000e+00
2.99544750000e+04	1.311266e+04	0.000000e+00
2.99635590000e+04	1.341565e+04	0.000000e+00
2.99726450000e+04	1.369942e+04	0.000000e+00
2.99817340000e+04	1.396257e+04	0.000000e+00
2.99908260000e+04	1.420094e+04	0.000000e+00
2.99999210000e+04	1.440904e+04	0.000000e+00
3.00090180000e+04	1.458879e+04	0.000000e+00
3.00181190000e+04	1.473208e+04	0.000000e+00
3.00272220000e+04	1.483928e+04	0.000000e+00
3.00363270000e+04	1.490448e+04	0.000000e+00
3.00454360000e+04	1.493489e+04	0.000000e+00
3.00545470000e+04	1.492537e+04	0.000000e+00
3.00636610000e+04	1.487967e+04	0.000000e+00
3.00727780000e+04	1.479969e+04	0.000000e+00
3.00818970000e+04	1.468924e+04	0.000000e+00
3.00910190000e+04	1.455044e+04	0.000000e+00
3.01001440000e+04	1.438413e+04	0.000000e+00
3.01092720000e+04	1.420412e+04	0.000000e+00
3.01184030000e+04	1.400197e+04	0.000000e+00
3.01275360000e+04	1.379013e+04	0.000000e+00
3.01366720000e+04	1.356653e+04	0.000000e+00
3.01458110000e+04	1.334045e+04	0.000000e+00
3.01549530000e+04	1.311120e+04	0.000000e+00
3.01640970000e+04	1.287996e+04	0.000000e+00
3.01732440000e+04	1.265181e+04	0.000000e+00
3.01823940000e+04	1.242723e+04	0.000000e+00
3.01915470000e+04	1.220646e+04	0.000000e+00
3.02007030000e+04	1.198978e+04	0.000000e+00
3.02098610000e+04	1.177668e+04	0.000000e+00
3.02190220000e+04	1.156632e+04	0.000000e+00
3.02281860000e+04	1.135744e+04	0.000000e+00
3.02373530000e+04	1.115465e+04	0.000000e+00
3.02465220000e+04	1.095391e+04	0.000000e+00
3.02556940000e+04	1.075843e+04	0.000000e+00
3.02648690000e+04	1.056329e+04	0.000000e+00
3.02740470000e+04	1.037103e+04	0.000000e+00
3.02832280000e+04	1.018165e+04	0.000000e+00
3.02924110000e+04	9.997563e+03	0.000000e+00
3.03015970000e+04	9.817054e+03	0.000000e+00
3.03107860000e+04	9.640835e+03	0.000000e+00
3.03199780000e+04	9.467810e+03	0.000000e+00
3.03291720000e+04	9.297764e+03	0.000000e+00
3.03383690000e+04	9.133258e+03	0.000000e+00
3.03475690000e+04	8.972827e+03	0.000000e+00
3.03567720000e+04	8.817615e+03	0.000000e+00
3.03659780000e+04	8.667414e+03	0.000000e+00
3.03751860000e+04	8.521889e+03	0.000000e+00
3.03843970000e+04	8.379078e+03	0.000000e+00
3.03936110000e+04	8.242453e+03	0.000000e+00
3.04028280000e+04	8.110439e+03	0.000000e+00
3.04120480000e+04	7.981727e+03	0.000000e+00
3.04212700000e+04	7.856180e+03	0.000000e+00
3.04304950000e+04	7.734698e+03	0.000000e+00
3.04397230000e+04	7.617772e+03	0.000000e+00
3.04489540000e+04	7.502234e+03	0.000000e+00
3.04581880000e+04	7.390356e+03	0.000000e+00
3.04674240000e+04	7.281917e+03	0.000000e+00
3.04766630000e+04	7.176677e+03	0.000000e+00
3.04859050000e+04	7.073776e+03	0.000000e+00
3.04951500000e+04	6.974558e+03	0.000000e+00
3.05043980000e+04	6.878356e+03	0.000000e+00
3.05136480000e+04	6.785207e+03	0.000000e+00
3.05229010000e+04	6.695495e+03	0.000000e+00
3.05321570000e+04	6.608231e+03	0.000000e+00
3.05414160000e+04	6.524274e+03	0.000000e+00
3.05506780000e+04	6.442638e+03	0.000000e+00
3.05599420000e+04	6.363551e+03	0.000000e+00
3.05692090000e+04	6.287457e+03	0.000000e+00
3.05784800000e+04	6.213191e+03	0.000000e+00
3.05877520000e+04	6.141004e+03	0.000000e+00
3.05970280000e+04	6.070834e+03	0.000000e+00
3.06063070000e+04	6.002435e+03	0.000000e+00
3.06155880000e+04	5.935478e+03	0.000000e+00
3.06248720000e+04	5.870312e+03	0.000000e+00
3.06341590000e+04	5.807304e+03	0.000000e+00
3.06434490000e+04	5.744974e+03	0.000000e+00
3.06527410000e+04	5.684683e+03	0.000000e+00
3.06620370000e+04	5.625332e+03	0.000000e+00
3.06713350000e+04	5.567330e+03	0.000000e+00
3.06806360000e+04	5.510804e+03	0.000000e+00
3.06899400000e+04	5.455193e+03	0.000000e+00
3.06992460000e+04	5.400959e+03	0.000000e+00
3.07085560000e+04	5.348248e+03	0.000000e+00
3.07178680000e+04	5.296677e+03	0.000000e+00
3.07271830000e+04	5.246826e+03	0.000000e+00
3.07365010000e+04	5.197837e+03	0.000000e+00
3.07458220000e+04	5.150059e+03	0.000000e+00
3.07551460000e+04	5.103583e+03	0.000000e+00
3.07644720000e+04	5.058214e+03	0.000000e+00
3.07738010000e+04	5.013522e+03	0.000000e+00
3.07831330000e+04	4.970023e+03	0.000000e+00
3.07924680000e+04	4.927777e+03	0.000000e+00
3.08018060000e+04	4.886514e+03	0.000000e+00
3.08111470000e+04	4.846208e+03	0.000000e+00
3.08204900000e+04	4.806492e+03	0.000000e+00
3.08298360000e+04	4.768140e+03	0.000000e+00
3.08391850000e+04	4.730536e+03	0.000000e+00
3.08485370000e+04	4.693814e+03	0.000000e+00
3.08578920000e+04	4.657874e+03	0.000000e+00
3.08672500000e+04	4.622787e+03	0.000000e+00
3.08766100000e+04	4.587748e+03	0.000000e+00
3.08859730000e+04	4.554067e+03	0.000000e+00
3.08953400000e+04	4.521008e+03	0.000000e+00
3.09047080000e+04	4.488484e+03	0.000000e+00
3.09140800000e+04	4.456573e+03	0.000000e+00
3.09234550000e+04	4.425039e+03	0.000000e+00
3.09328320000e+04	4.394154e+03	0.000000e+00
3.09422130000e+04	4.363972e+03	0.000000e+00
3.09515960000e+04	4.334430e+03	0.000000e+00
3.09609820000e+04	4.305463e+03	0.000000e+00
3.09703710000e+04	4.276766e+03	0.000000e+00
3.09797620000e+04	4.248600e+03	0.000000e+00
3.09891570000e+04	4.220650e+03	0.000000e+00
3.09985540000e+04	4.193435e+03	0.000000e+00
3.10079550000e+04	4.166594e+03	0.000000e+00
3.10173580000e+04	4.140199e+03	0.000000e+00
3.10267640000e+04	4.114385e+03	0.000000e+00
3.10361720000e+04	4.089056e+03	0.000000e+00
3.10455840000e+04	4.064125e+03	0.000000e+00
3.10549990000e+04	4.039344e+03	0.000000e+00
3.10644160000e+04	4.015256e+03	0.000000e+00
3.10738360000e+04	3.991380e+03	0.000000e+00
3.10832590000e+04	3.967982e+03	0.000000e+00
3.10926850000e+04	3.945018e+03	0.000000e+00
3.11021140000e+04	3.922542e+03	0.000000e+00
3.11115460000e+04	3.900538e+03	0.000000e+00
3.11209800000e+04	3.878845e+03	0.000000e+00
3.11304180000e+04	3.857767e+03	0.000000e+00
3.11398580000e+04	3.837022e+03	0.000000e+00
3.11493010000e+04	3.816375e+03	0.000000e+00
3.11587470000e+04	3.796382e+03	0.000000e+00
3.11681960000e+04	3.776372e+03	0.000000e+00
3.11776470000e+04	3.756820e+03	0.000000e+00
3.11871020000e+04	3.737449e+03	0.000000e+00
3.11965590000e+04	3.718378e+03	0.000000e+00
3.12060200000e+04	3.699762e+03	0.000000e+00
3.12154830000e+04	3.681322e+03	0.000000e+00
3.12249490000e+04	3.663055e+03	0.000000e+00
3.12344180000e+04	3.645024e+03	0.000000e+00
3.12438900000e+04	3.627339e+03	0.000000e+00
3.12533640000e+04	3.609646e+03	0.000000e+00
3.12628420000e+04	3.592576e+03	0.000000e+00
3.12723220000e+04	3.575615e+03	0.000000e+00
3.12818050000e+04	3.558864e+03	0.000000e+00
3.12912920000e+04	3.542182e+03	0.000000e+00
3.13007810000e+04	3.525949e+03	0.000000e+00
3.13102720000e+04	3.509953e+03	0.000000e+00
3.13197670000e+04	3.494256e+03	0.000000e+00
3.13292650000e+04	3.478432e+03	0.000000e+00
3.13387650000e+04	3.462917e+03	0.000000e+00
3.13482690000e+04	3.447443e+03	0.000000e+00
3.13577750000e+04	3.432507e+03	0.000000e+00
3.13672840000e+04	3.417708e+03	0.000000e+00
3.13767960000e+04	3.402829e+03	0.000000e+00
3.13863110000e+04	3.388513e+03	0.000000e+00
3.13958290000e+04	3.374068e+03	0.000000e+00
3.14053500000e+04	3.360115e+03	0.000000e+00
3.14148740000e+04	3.346157e+03	0.000000e+00
3.14244000000e+04	3.332305e+03	0.000000e+00
3.14339290000e+04	3.318795e+03	0.000000e+00
3.14434620000e+04	3.305253e+03	0.000000e+00
3.14529970000e+04	3.292012e+03	0.000000e+00
3.14625350000e+04	3.278980e+03	0.000000e+00
3.14720760000e+04	3.266185e+03	0.000000e+00
3.14816200000e+04	3.253261e+03	0.000000e+00
3.14911660000e+04	3.240772e+03	0.000000e+00
3.15007160000e+04	3.227833e+03	0.000000e+00
3.15102690000e+04	3.215383e+03	0.000000e+00
3.15198240000e+04	3.203225e+03	0.000000e+00
3.15293820000e+04	3.191367e+03	0.000000e+00
3.15389440000e+04	3.179441e+03	0.000000e+00
3.15485080000e+04	3.167686e+03	0.000000e+00
3.15580750000e+04	3.156046e+03	0.000000e+00
3.15676450000e+04	3.144518e+03	0.000000e+00
3.15772170000e+04	3.133152e+03	0.000000e+00
3.15867930000e+04	3.121976e+03	0.000000e+00
3.15963720000e+04	3.110806e+03	0.000000e+00
3.16059530000e+04	3.099941e+03	0.000000e+00
3.16155380000e+04	3.089122e+03	0.000000e+00
3.16251250000e+04	3.078262e+03	0.000000e+00
3.16347150000e+04	3.068014e+03	0.000000e+00
3.16443090000e+04	3.057782e+03	0.000000e+00
3.16539050000e+04	3.047438e+03	0.000000e+00
3.16635040000e+04	3.037365e+03	0.000000e+00
3.16731060000e+04	3.027208e+03	0.000000e+00
3.16827100000e+04	3.017241e+03	0.000000e+00
3.16923180000e+04	3.007420e+03	0.000000e+00
3.17019290000e+04	2.997792e+03	0.000000e+00
3.17115420000e+04	2.988283e+03	0.000000e+00
3.17211590000e+04	2.978705e+03	0.000000e+00
3.17307780000e+04	2.969274e+03	0.000000e+00
3.17404000000e+04	2.960006e+03	0.000000e+00
3.17500260000e+04	2.950788e+03	0.000000e+00
3.17596540000e+04	2.941529e+03	0.000000e+00
3.17692850000e+04	2.932615e+03	0.000000e+00
3.17789190000e+04	2.923679e+03	0.000000e+00
3.17885560000e+04	2.914799e+03	0.000000e+00
3.17981950000e+04	2.906031e+03	0.000000e+00
3.18078380000e+04	2.897181e+03	0.000000e+00
3.18174840000e+04	2.888668e+03	0.000000e+00
3.18271320000e+04	2.880221e+03	0.000000e+00
3.18367840000e+04	2.871707e+03	0.000000e+00
3.18464380000e+04	2.863258e+03	0.000000e+00
3.18560960000e+04	2.855038e+03	0.000000e+00
3.18657560000e+04	2.846875e+03	0.000000e+00
3.18754190000e+04	2.838669e+03	0.000000e+00
3.18850850000e+04	2.830626e+03	0.000000e+00
3.18947550000e+04	2.822670e+03	0.000000e+00
3.19044270000e+04	2.814660e+03	0.000000e+00
3.19141020000e+04	2.806796e+03	0.000000e+00
3.19237790000e+04	2.799079e+03	0.000000e+00
3.19334600000e+04	2.791344e+03	0.000000e+00
3.19431440000e+04	2.783656e+03	0.000000e+00
3.19528310000e+04	2.776208e+03	0.000000e+00
3.19625200000e+04	2.768688e+03	0.000000e+00
3.19722130000e+04	2.761307e+03	0.000000e+00
3.19819080000e+04	2.753958e+03	0.000000e+00
3.19916070000e+04	2.746615e+03	0.000000e+00
3.20013080000e+04	2.739396e+03	0.000000e+00
3.20110130000e+04	2.732292e+03	0.000000e+00
3.20207200000e+04	2.725089e+03	0.000000e+00
3.20304300000e+04	2.718047e+03	0.000000e+00
3.20401430000e+04	2.711063e+03	0.000000e+00
3.20498590000e+04	2.704144e+03	0.000000e+00
3.20595780000e+04	2.697318e+03	0.000000e+00
3.20693000000e+04	2.690494e+03	0.000000e+00
3.20790250000e+04	2.683764e+03	0.000000e+00
3.20887530000e+04	2.677044e+03	0.000000e+00
3.20984840000e+04	2.670474e+03	0.000000e+00
3.21082180000e+04	2.663910e+03	0.000000e+00
3.21179550000e+04	2.657475e+03	0.000000e+00
3.21276940000e+04	2.650966e+03	0.000000e+00
3.21374370000e+04	2.644604e+03	0.000000e+00
3.21471830000e+04	2.638231e+03	0.000000e+00
3.21569310000e+04	2.631896e+03	0.000000e+00
3.21666830000e+04	2.625512e+03	0.000000e+00
3.21764370000e+04	2.619437e+03	0.000000e+00
3.21861950000e+04	2.613323e+03	0.000000e+00
3.21959550000e+04	2.607258e+03	0.000000e+00
3.22057180000e+04	2.601117e+03	0.000000e+00
3.22154850000e+04	2.595207e+03	0.000000e+00
3.22252540000e+04	2.589149e+03	0.000000e+00
3.22350260000e+04	2.583306e+03	0.000000e+00
3.22448010000e+04	2.577384e+03	0.000000e+00
3.22545800000e+04	2.571595e+03	0.000000e+00
3.22643610000e+04	2.565801e+03	0.000000e+00
3.22741450000e+04	2.560060e+03	0.000000e+00
3.22839320000e+04	2.554370e+03	0.000000e+00
3.22937220000e+04	2.548764e+03	0.000000e+00
3.23035150000e+04	2.543173e+03	0.000000e+00
3.23133110000e+04	2.537653e+03	0.000000e+00
3.23231100000e+04	2.532159e+03	0.000000e+00
3.23329120000e+04	2.526726e+03	0.000000e+00
3.23427170000e+04	2.521286e+03	0.000000e+00
3.23525250000e+04	2.515430e+03	0.000000e+00
3.23623350000e+04	2.509737e+03	0.000000e+00
3.23721490000e+04	2.504384e+03	0.000000e+00
3.23819660000e+04	2.499141e+03	0.000000e+00
3.23917860000e+04	2.494082e+03	0.000000e+00
3.24016090000e+04	2.489140e+03	0.000000e+00
3.24114340000e+04	2.484121e+03	0.000000e+00
3.24212630000e+04	2.479099e+03	0.000000e+00
3.24310950000e+04	2.474118e+03	0.000000e+00
3.24409290000e+04	2.469032e+03	0.000000e+00
3.24507670000e+04	2.464113e+03	0.000000e+00
3.24606080000e+04	2.459181e+03	0.000000e+00
3.24704510000e+04	2.454291e+03	0.000000e+00
3.24802980000e+04	2.449469e+03	0.000000e+00
3.24901470000e+04	2.444678e+03	0.000000e+00
3.25000000000e+04	2.439794e+03	0.000000e+00


"TRACE: B"
"FORMAT: LOG"

"Frequency"	"Data Trace Real"	"Data Trace Imag"
2.55000000000e+04	9.418821e+01	0.000000e+00
2.55077330000e+04	9.419218e+01	0.000000e+00
2.55154680000e+04	9.419623e+01	0.000000e+00
2.55232060000e+04	9.420183e+01	0.000000e+00
2.55309450000e+04	9.420476e+01	0.000000e+00
2.55386880000e+04	9.421051e+01	0.000000e+00
2.55464320000e+04	9.421504e+01	0.000000e+00
2.55541790000e+04	9.422231e+01	0.000000e+00
2.55619280000e+04	9.422819e+01	0.000000e+00
2.55696800000e+04	9.423743e+01	0.000000e+00
2.55774340000e+04	9.424360e+01	0.000000e+00
2.55851900000e+04	9.425476e+01	0.000000e+00
2.55929490000e+04	9.425797e+01	0.000000e+00
2.56007100000e+04	9.425414e+01	0.000000e+00
2.56084730000e+04	9.427103e+01	0.000000e+00
2.56162390000e+04	9.428381e+01	0.000000e+00
2.56240070000e+04	9.428346e+01	0.000000e+00
2.56317770000e+04	9.427585e+01	0.000000e+00
2.56395500000e+04	9.427519e+01	0.000000e+00
2.56473250000e+04	9.427969e+01	0.000000e+00
2.56551030000e+04	9.428410e+01	0.000000e+00
2.56628830000e+04	9.428872e+01	0.000000e+00
2.56706650000e+04	9.429716e+01	0.000000e+00
2.56784490000e+04	9.430468e+01	0.000000e+00
2.56862360000e+04	9.431187e+01	0.000000e+00
2.56940260000e+04	9.431966e+01	0.000000e+00
2.57018170000e+04	9.432572e+01	0.000000e+00
2.57096110000e+04	9.433070e+01	0.000000e+00
2.57174080000e+04	9.433894e+01	0.000000e+00
2.57252070000e+04	9.434483e+01	0.000000e+00
2.57330080000e+04	9.435300e+01	0.000000e+00
2.57408110000e+04	9.435680e+01	0.000000e+00
2.57486170000e+04	9.436047e+01	0.000000e+00
2.57564250000e+04	9.437182e+01	0.000000e+00
2.57642360000e+04	9.437725e+01	0.000000e+00
2.57720490000e+04	9.438053e+01	0.000000e+00
2.57798640000e+04	9.438863e+01	0.000000e+00
2.57876820000e+04	9.439423e+01	0.000000e+00
2.57955020000e+04	9.440342e+01	0.000000e+00
2.58033240000e+04	9.440918e+01	0.000000e+00
2.58111490000e+04	9.441658e+01	0.000000e+00
2.58189760000e+04	9.442392e+01	0.000000e+00
2.58268060000e+04	9.442964e+01	0.000000e+00
2.58346380000e+04	9.443843e+01	0.000000e+00
2.58424720000e+04	9.444530e+01	0.000000e+00
2.58503090000e+04	9.445144e+01	0.000000e+00
2.58581480000e+04	9.446179e+01	0.000000e+00
2.58659890000e+04	9.447197e+01	0.000000e+00
2.58738330000e+04	9.447982e+01	0.000000e+00
2.58816790000e+04	9.448403e+01	0.000000e+00
2.58895280000e+04	9.449543e+01	0.000000e+00
2.58973790000e+04	9.450166e+01	0.000000e+00
2.59052320000e+04	9.450731e+01	0.000000e+00
2.59130880000e+04	9.451501e+01	0.000000e+00
2.59209460000e+04	9.452572e+01	0.000000e+00
2.59288060000e+04	9.453158e+01	0.000000e+00
2.59366690000e+04	9.453993e+01	0.000000e+00
2.59445340000e+04	9.454763e+01	0.000000e+00
2.59524020000e+04	9.455647e+01	0.000000e+00
2.59602720000e+04	9.456589e+01	0.000000e+00
2.59681440000e+04	9.457005e+01	0.000000e+00
2.59760190000e+04	9.457616e+01	0.000000e+00
2.59838960000e+04	9.458430e+01	0.000000e+00
2.59917760000e+04	9.459415e+01	0.000000e+00
2.59996580000e+04	9.459907e+01	0.000000e+00
2.60075420000e+04	9.460862e+01	0.000000e+00
2.60154290000e+04	9.461759e+01	0.000000e+00
2.60233180000e+04	9.462533e+01	0.000000e+00
2.60312100000e+04	9.463076e+01	0.000000e+00
2.60391040000e+04	9.463941e+01	0.000000e+00
2.60470000000e+04	9.464622e+01	0.000000e+00
2.60548990000e+04	9.464980e+01	0.000000e+00
2.60628000000e+04	9.465913e+01	0.000000e+00
2.60707030000e+04	9.467094e+01	0.000000e+00
2.60786090000e+04	9.467706e+01	0.000000e+00
2.60865170000e+04	9.468696e+01	0.000000e+00
2.60944280000e+04	9.469485e+01	0.000000e+00
2.61023410000e+04	9.470345e+01	0.000000e+00
2.61102570000e+04	9.471232e+01	0.000000e+00
2.61181750000e+04	9.472329e+01	0.000000e+00
2.61260950000e+04	9.473120e+01	0.000000e+00
2.61340170000e+04	9.474265e+01	0.000000e+00
2.61419430000e+04	9.475046e+01	0.000000e+00
2.61498700000e+04	9.475917e+01	0.000000e+00
2.61578000000e+04	9.476900e+01	0.000000e+00
2.61657320000e+04	9.477982e+01	0.000000e+00
2.61736670000e+04	9.478993e+01	0.000000e+00
2.61816040000e+04	9.479624e+01	0.000000e+00
2.61895440000e+04	9.480534e+01	0.000000e+00
2.61974860000e+04	9.481637e+01	0.000000e+00
2.62054300000e+04	9.482690e+01	0.000000e+00
2.62133770000e+04	9.483563e+01	0.000000e+00
2.62213260000e+04	9.484609e+01	0.000000e+00
2.62292770000e+04	9.485467e+01	0.000000e+00
2.62372310000e+04	9.486403e+01	0.000000e+00
2.62451880000e+04	9.487872e+01	0.000000e+00
2.62531470000e+04	9.488516e+01	0.000000e+00
2.62611080000e+04	9.490296e+01	0.000000e+00
2.62690710000e+04	9.490958e+01	0.000000e+00
2.62770370000e+04	9.492188e+01	0.000000e+00
2.62850060000e+04	9.493462e+01	0.000000e+00
2.62929770000e+04	9.494498e+01	0.000000e+00
2.63009500000e+04	9.495500e+01	0.000000e+00
2.63089260000e+04	9.496436e+01	0.000000e+00
2.63169040000e+04	9.497837e+01	0.000000e+00
2.63248840000e+04	9.498773e+01	0.000000e+00
2.63328670000e+04	9.499964e+01	0.000000e+00
2.63408530000e+04	9.501195e+01	0.000000e+00
2.63488410000e+04	9.502651e+01	0.000000e+00
2.63568310000e+04	9.503714e+01	0.000000e+00
2.63648230000e+04	9.505223e+01	0.000000e+00
2.63728190000e+04	9.506643e+01	0.000000e+00
2.63808160000e+04	9.507829e+01	0.000000e+00
2.63888160000e+04	9.509087e+01	0.000000e+00
2.63968180000e+04	9.510459e+01	0.000000e+00
2.64048230000e+04	9.511990e+01	0.000000e+00
2.64128300000e+04	9.513126e+01	0.000000e+00
2.64208400000e+04	9.514127e+01	0.000000e+00
2.64288520000e+04	9.515449e+01	0.000000e+00
2.64368670000e+04	9.516693e+01	0.000000e+00
2.64448830000e+04	9.518020e+01	0.000000e+00
2.64529030000e+04	9.519522e+01	0.000000e+00
2.64609250000e+04	9.520716e+01	0.000000e+00
2.64689490000e+04	9.522082e+01	0.000000e+00
2.64769750000e+04	9.523721e+01	0.000000e+00
2.64850050000e+04	9.525095e+01	0.000000e+00
2.64930360000e+04	9.526578e+01	0.000000e+00
2.65010700000e+04	9.527654e+01	0.000000e+00
2.65091060000e+04	9.529353e+01	0.000000e+00
2.65171450000e+04	9.531031e+01	0.000000e+00
2.65251870000e+04	9.532507e+01	0.000000e+00
2.65332300000e+04	9.534026e+01	0.000000e+00
2.65412760000e+04	9.535789e+01	0.000000e+00
2.65493250000e+04	9.537149e+01	0.000000e+00
2.65573760000e+04	9.538947e+01	0.000000e+00
2.65654300000e+04	9.540333e+01	0.000000e+00
2.65734850000e+04	9.542188e+01	0.000000e+00
2.65815440000e+04	9.543897e+01	0.000000e+00
2.65896050000e+04	9.545489e+01	0.000000e+00
2.65976680000e+04	9.547251e+01	0.000000e+00
2.66057340000e+04	9.549175e+01	0.000000e+00
2.66138020000e+04	9.550991e+01	0.000000e+00
2.66218720000e+04	9.552882e+01	0.000000e+00
2.66299450000e+04	9.554713e+01	0.000000e+00
2.66380210000e+04	9.556624e+01	0.000000e+00
2.66460990000e+04	9.558324e+01	0.000000e+00
2.66541790000e+04	9.559875e+01	0.000000e+00
2.66622620000e+04	9.561981e+01	0.000000e+00
2.66703470000e+04	9.564029e+01	0.000000e+00
2.66784350000e+04	9.565697e+01	0.000000e+00
2.66865250000e+04	9.567925e+01	0.000000e+00
2.66946180000e+04	9.569970e+01	0.000000e+00
2.67027130000e+04	9.571721e+01	0.000000e+00
2.67108100000e+04	9.573760e+01	0.000000e+00
2.67189100000e+04	9.575770e+01	0.000000e+00
2.67270130000e+04	9.577917e+01	0.000000e+00
2.67351180000e+04	9.580077e+01	0.000000e+00
2.67432250000e+04	9.582281e+01	0.000000e+00
2.67513350000e+04	9.584599e+01	0.000000e+00
2.67594470000e+04	9.586876e+01	0.000000e+00
2.67675620000e+04	9.589307e+01	0.000000e+00
2.67756790000e+04	9.591673e+01	0.000000e+00
2.67837990000e+04	9.594170e+01	0.000000e+00
2.67919210000e+04	9.596803e+01	0.000000e+00
2.68000460000e+04	9.599475e+01	0.000000e+00
2.68081730000e+04	9.601801e+01	0.000000e+00
2.68163020000e+04	9.604337e+01	0.000000e+00
2.68244340000e+04	9.606985e+01	0.000000e+00
2.68325690000e+04	9.609929e+01	0.000000e+00
2.68407060000e+04	9.612311e+01	0.000000e+00
2.68488450000e+04	9.614999e+01	0.000000e+00
2.68569870000e+04	9.617677e+01	0.000000e+00
2.68651310000e+04	9.620722e+01	0.000000e+00
2.68732780000e+04	9.623413e+01	0.000000e+00
2.68814270000e+04	9.626350e+01	0.000000e+00
2.68895790000e+04	9.629286e+01	0.000000e+00
2.68977330000e+04	9.632330e+01	0.000000e+00
2.69058900000e+04	9.635136e+01	0.000000e+00
2.69140490000e+04	9.637957e+01	0.000000e+00
2.69222110000e+04	9.641087e+01	0.000000e+00
2.69303750000e+04	9.644052e+01	0.000000e+00
2.69385410000e+04	9.646939e+01	0.000000e+00
2.69467100000e+04	9.649919e+01	0.000000e+00
2.69548820000e+04	9.653577e+01	0.000000e+00
2.69630560000e+04	9.656892e+01	0.000000e+00
2.69712320000e+04	9.660352e+01	0.000000e+00
2.69794110000e+04	9.664055e+01	0.000000e+00
2.69875930000e+04	9.667654e+01	0.000000e+00
2.69957770000e+04	9.671122e+01	0.000000e+00
2.70039630000e+04	9.675134e+01	0.000000e+00
2.70121520000e+04	9.679229e+01	0.000000e+00
2.70203430000e+04	9.683097e+01	0.000000e+00
2.70285370000e+04	9.687169e+01	0.000000e+00
2.70367340000e+04	9.691080e+01	0.000000e+00
2.70449320000e+04	9.695042e+01	0.000000e+00
2.70531340000e+04	9.699001e+01	0.000000e+00
2.70613380000e+04	9.702990e+01	0.000000e+00
2.70695440000e+04	9.706927e+01	0.000000e+00
2.70777530000e+04	9.711719e+01	0.000000e+00
2.70859640000e+04	9.715895e+01	0.000000e+00
2.70941780000e+04	9.720306e+01	0.000000e+00
2.71023940000e+04	9.724829e+01	0.000000e+00
2.71106130000e+04	9.729478e+01	0.000000e+00
2.71188340000e+04	9.734083e+01	0.000000e+00
2.71270580000e+04	9.739063e+01	0.000000e+00
2.71352840000e+04	9.743983e+01	0.000000e+00
2.71435130000e+04	9.749081e+01	0.000000e+00
2.71517440000e+04	9.754089e+01	0.000000e+00
2.71599780000e+04	9.759081e+01	0.000000e+00
2.71682140000e+04	9.764449e+01	0.000000e+00
2.71764530000e+04	9.769341e+01	0.000000e+00
2.71846940000e+04	9.774815e+01	0.000000e+00
2.71929370000e+04	9.780133e+01	0.000000e+00
2.72011840000e+04	9.785547e+01	0.000000e+00
2.72094320000e+04	9.791470e+01	0.000000e+00
2.72176840000e+04	9.797115e+01	0.000000e+00
2.72259370000e+04	9.803020e+01	0.000000e+00
2.72341930000e+04	9.808739e+01	0.000000e+00
2.72424520000e+04	9.814924e+01	0.000000e+00
2.72507130000e+04	9.820822e+01	0.000000e+00
2.72589770000e+04	9.826736e+01	0.000000e+00
2.72672430000e+04	9.833078e+01	0.000000e+00
2.72755120000e+04	9.839312e+01	0.000000e+00
2.72837830000e+04	9.846219e+01	0.000000e+00
2.72920570000e+04	9.852882e+01	0.000000e+00
2.73003330000e+04	9.859595e+01	0.000000e+00
2.73086120000e+04	9.866608e+01	0.000000e+00
2.73168930000e+04	9.873965e+01	0.000000e+00
2.73251770000e+04	9.881723e+01	0.000000e+00
2.73334640000e+04	9.889720e+01	0.000000e+00
2.73417520000e+04	9.897549e+01	0.000000e+00
2.73500440000e+04	9.905166e+01	0.000000e+00
2.73583370000e+04	9.913273e+01	0.000000e+00
2.73666340000e+04	9.921379e+01	0.000000e+00
2.73749330000e+04	9.930001e+01	0.000000e+00
2.73832340000e+04	9.939271e+01	0.000000e+00
2.73915380000e+04	9.948531e+01	0.000000e+00
2.73998440000e+04	9.957889e+01	0.000000e+00
2.74081530000e+04	9.967451e+01	0.000000e+00
2.74164650000e+04	9.977042e+01	0.000000e+00
2.74247790000e+04	9.986964e+01	0.000000e+00
2.74330950000e+04	9.997102e+01	0.000000e+00
2.74414140000e+04	1.000789e+02	0.000000e+00
2.74497360000e+04	1.001854e+02	0.000000e+00
2.74580600000e+04	1.002933e+02	0.000000e+00
2.74663870000e+04	1.004079e+02	0.000000e+00
2.74747160000e+04	1.005215e+02	0.000000e+00
2.74830470000e+04	1.006436e+02	0.000000e+00
2.74913820000e+04	1.007624e+02	0.000000e+00
2.74997180000e+04	1.008951e+02	0.000000e+00
2.75080580000e+04	1.010257e+02	0.000000e+00
2.75163990000e+04	1.011594e+02	0.000000e+00
2.75247440000e+04	1.013004e+02	0.000000e+00
2.75330900000e+04	1.014393e+02	0.000000e+00
2.75414400000e+04	1.015873e+02	0.000000e+00
2.75497920000e+04	1.017439e+02	0.000000e+00
2.75581460000e+04	1.018983e+02	0.000000e+00
2.75665030000e+04	1.020612e+02	0.000000e+00
2.75748630000e+04	1.022293e+02	0.000000e+00
2.75832250000e+04	1.024026e+02	0.000000e+00
2.75915890000e+04	1.025782e+02	0.000000e+00
2.75999560000e+04	1.027642e+02	0.000000e+00
2.76083260000e+04	1.029520e+02	0.000000e+00
2.76166980000e+04	1.031476e+02	0.000000e+00
2.76250730000e+04	1.033505e+02	0.000000e+00
2.76334500000e+04	1.035615e+02	0.000000e+00
2.76418300000e+04	1.037769e+02	0.000000e+00
2.76502120000e+04	1.039999e+02	0.000000e+00
2.76585970000e+04	1.042290e+02	0.000000e+00
2.76669840000e+04	1.044678e+02	0.000000e+00
2.76753740000e+04	1.047214e+02	0.000000e+00
2.76837670000e+04	1.049966e+02	0.000000e+00
2.76921620000e+04	1.052728e+02	0.000000e+00
2.77005590000e+04	1.055577e+02	0.000000e+00
2.77089600000e+04	1.058558e+02	0.000000e+00
2.77173620000e+04	1.061644e+02	0.000000e+00
2.77257680000e+04	1.064812e+02	0.000000e+00
2.77341750000e+04	1.068115e+02	0.000000e+00
2.77425860000e+04	1.071590e+02	0.000000e+00
2.77509990000e+04	1.075185e+02	0.000000e+00
2.77594140000e+04	1.078940e+02	0.000000e+00
2.77678320000e+04	1.082960e+02	0.000000e+00
2.77762530000e+04	1.087152e+02	0.000000e+00
2.77846760000e+04	1.091600e+02	0.000000e+00
2.77931010000e+04	1.096275e+02	0.000000e+00
2.78015290000e+04	1.101181e+02	0.000000e+00
2.78099600000e+04	1.106349e+02	0.000000e+00
2.78183940000e+04	1.111774e+02	0.000000e+00
2.78268290000e+04	1.117577e+02	0.000000e+00
2.78352680000e+04	1.123768e+02	0.000000e+00
2.78437090000e+04	1.130296e+02	0.000000e+00
2.78521520000e+04	1.137246e+02	0.000000e+00
2.78605980000e+04	1.144741e+02	0.000000e+00
2.78690470000e+04	1.152818e+02	0.000000e+00
2.78774980000e+04	1.161326e+02	0.000000e+00
2.78859520000e+04	1.170426e+02	0.000000e+00
2.78944090000e+04	1.180061e+02	0.000000e+00
2.79028670000e+04	1.190480e+02	0.000000e+00
2.79113290000e+04	1.201635e+02	0.000000e+00
2.79197930000e+04	1.213607e+02	0.000000e+00
2.79282600000e+04	1.226563e+02	0.000000e+00
2.79367290000e+04	1.240379e+02	0.000000e+00
2.79452010000e+04	1.255262e+02	0.000000e+00
2.79536750000e+04	1.271271e+02	0.000000e+00
2.79621520000e+04	1.288388e+02	0.000000e+00
2.79706310000e+04	1.306825e+02	0.000000e+00
2.79791130000e+04	1.326480e+02	0.000000e+00
2.79875980000e+04	1.347342e+02	0.000000e+00
2.79960850000e+04	1.369414e+02	0.000000e+00
2.80045750000e+04	1.392555e+02	0.000000e+00
2.80130670000e+04	1.416658e+02	0.000000e+00
2.80215620000e+04	1.441682e+02	0.000000e+00
2.80300600000e+04	1.467438e+02	0.000000e+00
2.80385600000e+04	1.493738e+02	0.000000e+00
2.80470620000e+04	1.520445e+02	0.000000e+00
2.80555670000e+04	1.547396e+02	0.000000e+00
2.80640750000e+04	1.574426e+02	0.000000e+00
2.80725860000e+04	1.601392e+02	0.000000e+00
2.80810990000e+04	1.628257e+02	0.000000e+00
2.80896140000e+04	1.654711e+02	0.000000e+00
2.80981320000e+04	1.680842e+02	0.000000e+00
2.81066530000e+04	1.706740e+02	0.000000e+00
2.81151760000e+04	1.732025e+02	0.000000e+00
2.81237020000e+04	1.756761e+02	0.000000e+00
2.81322310000e+04	1.781071e+02	0.000000e+00
2.81407620000e+04	1.804831e+02	0.000000e+00
2.81492950000e+04	1.827864e+02	0.000000e+00
2.81578310000e+04	1.850261e+02	0.000000e+00
2.81663700000e+04	1.872208e+02	0.000000e+00
2.81749120000e+04	1.893666e+02	0.000000e+00
2.81834560000e+04	1.914500e+02	0.000000e+00
2.81920020000e+04	1.934743e+02	0.000000e+00
2.82005510000e+04	1.954429e+02	0.000000e+00
2.82091030000e+04	1.973517e+02	0.000000e+00
2.82176580000e+04	1.992016e+02	0.000000e+00
2.82262140000e+04	2.010043e+02	0.000000e+00
2.82347740000e+04	2.027512e+02	0.000000e+00
2.82433360000e+04	2.044443e+02	0.000000e+00
2.82519010000e+04	2.060892e+02	0.000000e+00
2.82604680000e+04	2.076808e+02	0.000000e+00
2.82690380000e+04	2.092287e+02	0.000000e+00
2.82776110000e+04	2.107192e+02	0.000000e+00
2.82861860000e+04	2.121664e+02	0.000000e+00
2.82947640000e+04	2.135663e+02	0.000000e+00
2.83033440000e+04	2.149286e+02	0.000000e+00
2.83119270000e+04	2.162479e+02	0.000000e+00
2.83205120000e+04	2.175192e+02	0.000000e+00
2.83291000000e+04	2.187518e+02	0.000000e+00
2.83376910000e+04	2.199430e+02	0.000000e+00
2.83462850000e+04	2.210973e+02	0.000000e+00
2.83548810000e+04	2.222130e+02	0.000000e+00
2.83634790000e+04	2.232980e+02	0.000000e+00
2.83720800000e+04	2.243528e+02	0.000000e+00
2.83806840000e+04	2.253820e+02	0.000000e+00
2.83892900000e+04	2.263692e+02	0.000000e+00
2.83978990000e+04	2.273251e+02	0.000000e+00
2.84065110000e+04	2.282539e+02	0.000000e+00
2.84151250000e+04	2.291446e+02	0.000000e+00
2.84237420000e+04	2.300114e+02	0.000000e+00
2.84323620000e+04	2.308414e+02	0.000000e+00
2.84409840000e+04	2.316481e+02	0.000000e+00
2.84496080000e+04	2.324292e+02	0.000000e+00
2.84582360000e+04	2.331870e+02	0.000000e+00
2.84668650000e+04	2.339197e+02	0.000000e+00
2.84754980000e+04	2.346212e+02	0.000000e+00
2.84841330000e+04	2.353060e+02	0.000000e+00
2.84927710000e+04	2.359645e+02	0.000000e+00
2.85014110000e+04	2.366015e+02	0.000000e+00
2.85100540000e+04	2.372177e+02	0.000000e+00
2.85187000000e+04	2.378127e+02	0.000000e+00
2.85273480000e+04	2.383875e+02	0.000000e+00
2.85359990000e+04	2.389393e+02	0.000000e+00
2.85446520000e+04	2.394738e+02	0.000000e+00
2.85533090000e+04	2.399900e+02	0.000000e+00
2.85619670000e+04	2.404898e+02	0.000000e+00
2.85706290000e+04	2.409701e+02	0.000000e+00
2.85792930000e+04	2.414346e+02	0.000000e+00
2.85879590000e+04	2.418849e+02	0.000000e+00
2.85966280000e+04	2.423172e+02	0.000000e+00
2.86053000000e+04	2.427343e+02	0.000000e+00
2.86139750000e+04	2.431369e+02	0.000000e+00
2.86226520000e+04	2.435138e+02	0.000000e+00
2.86313320000e+04	2.438867e+02	0.000000e+00
2.86400140000e+04	2.442499e+02	0.000000e+00
2.86486990000e+04	2.446028e+02	0.000000e+00
2.86573870000e+04	2.449399e+02	0.000000e+00
2.86660770000e+04	2.452642e+02	0.000000e+00
2.86747700000e+04	2.455815e+02	0.000000e+00
2.86834660000e+04	2.458859e+02	0.000000e+00
2.86921640000e+04	2.461793e+02	0.000000e+00
2.87008650000e+04	2.464635e+02	0.000000e+00
2.87095680000e+04	2.467380e+02	0.000000e+00
2.87182740000e+04	2.470000e+02	0.000000e+00
2.87269830000e+04	2.472533e+02	0.000000e+00
2.87356940000e+04	2.474967e+02	0.000000e+00
2.87444080000e+04	2.477316e+02	0.000000e+00
2.87531250000e+04	2.479594e+02	0.000000e+00
2.87618440000e+04	2.481802e+02	0.000000e+00
2.87705660000e+04	2.483895e+02	0.000000e+00
2.87792910000e+04	2.485942e+02	0.000000e+00
2.87880180000e+04	2.487870e+02	0.000000e+00
2.87967480000e+04	2.489775e+02	0.000000e+00
2.88054810000e+04	2.491559e+02	0.000000e+00
2.88142160000e+04	2.493310e+02	0.000000e+00
2.88229540000e+04	2.494980e+02	0.000000e+00
2.88316940000e+04	2.496589e+02	0.000000e+00
2.88404380000e+04	2.498103e+02	0.000000e+00
2.88491830000e+04	2.499590e+02	0.000000e+00
2.88579320000e+04	2.500991e+02	0.000000e+00
2.88666830000e+04	2.502348e+02	0.000000e+00
2.88754370000e+04	2.503638e+02	0.000000e+00
2.88841930000e+04	2.504898e+02	0.000000e+00
2.88929520000e+04	2.506068e+02	0.000000e+00
2.89017140000e+04	2.507228e+02	0.000000e+00
2.89104780000e+04	2.508291e+02	0.000000e+00
2.89192450000e+04	2.509320e+02	0.000000e+00
2.89280150000e+04	2.510271e+02	0.000000e+00
2.89367870000e+04	2.511204e+02	0.000000e+00
2.89455620000e+04	2.512102e+02	0.000000e+00
2.89543400000e+04	2.512964e+02	0.000000e+00
2.89631200000e+04	2.513719e+02	0.000000e+00
2.89719030000e+04	2.514409e+02	0.000000e+00
2.89806890000e+04	2.515172e+02	0.000000e+00
2.89894770000e+04	2.515775e+02	0.000000e+00
2.89982680000e+04	2.516367e+02	0.000000e+00
2.90070620000e+04	2.516994e+02	0.000000e+00
2.90158580000e+04	2.517479e+02	0.000000e+00
2.90246570000e+04	2.517960e+02	0.000000e+00
2.90334590000e+04	2.518427e+02	0.000000e+00
2.90422630000e+04	2.518828e+02	0.000000e+00
2.90510700000e+04	2.519158e+02	0.000000e+00
2.90598800000e+04	2.519485e+02	0.000000e+00
2.90686930000e+04	2.519739e+02	0.000000e+00
2.90775080000e+04	2.519935e+02	0.000000e+00
2.90863250000e+04	2.520118e+02	0.000000e+00
2.90951460000e+04	2.520285e+02	0.000000e+00
2.91039690000e+04	2.520371e+02	0.000000e+00
2.91127940000e+04	2.520389e+02	0.000000e+00
2.91216230000e+04	2.520396e+02	0.000000e+00
2.91304540000e+04	2.520370e+02	0.000000e+00
2.91392880000e+04	2.520291e+02	0.000000e+00
2.91481240000e+04	2.520128e+02	0.000000e+00
2.91569630000e+04	2.519971e+02	0.000000e+00
2.91658050000e+04	2.519768e+02	0.000000e+00
2.91746490000e+04	2.519525e+02	0.000000e+00
2.91834970000e+04	2.519238e+02	0.000000e+00
2.91923460000e+04	2.518910e+02	0.000000e+00
2.92011990000e+04	2.518519e+02	0.000000e+00
2.92100540000e+04	2.518091e+02	0.000000e+00
2.92189120000e+04	2.517627e+02	0.000000e+00
2.92277730000e+04	2.517138e+02	0.000000e+00
2.92366360000e+04	2.516586e+02	0.000000e+00
2.92455020000e+04	2.516042e+02	0.000000e+00
2.92543700000e+04	2.515396e+02	0.000000e+00
2.92632420000e+04	2.514726e+02	0.000000e+00
2.92721160000e+04	2.514021e+02	0.000000e+00
2.92809920000e+04	2.513207e+02	0.000000e+00
2.92898720000e+04	2.512392e+02	0.000000e+00
2.92987540000e+04	2.511522e+02	0.000000e+00
2.93076390000e+04	2.510618e+02	0.000000e+00
2.93165260000e+04	2.509681e+02	0.000000e+00
2.93254160000e+04	2.508730e+02	0.000000e+00
2.93343090000e+04	2.507724e+02	0.000000e+00
2.93432050000e+04	2.506655e+02	0.000000e+00
2.93521030000e+04	2.505590e+02	0.000000e+00
2.93610040000e+04	2.504459e+02	0.000000e+00
2.93699080000e+04	2.503233e+02	0.000000e+00
2.93788140000e+04	2.501942e+02	0.000000e+00
2.93877230000e+04	2.500591e+02	0.000000e+00
2.93966350000e+04	2.499162e+02	0.000000e+00
2.94055490000e+04	2.497623e+02	0.000000e+00
2.94144670000e+04	2.496005e+02	0.000000e+00
2.94233870000e+04	2.494421e+02	0.000000e+00
2.94323090000e+04	2.492724e+02	0.000000e+00
2.94412340000e+04	2.490946e+02	0.000000e+00
2.94501620000e+04	2.489120e+02	0.000000e+00
2.94590930000e+04	2.487238e+02	0.000000e+00
2.94680270000e+04	2.485266e+02	0.000000e+00
2.94769630000e+04	2.483010e+02	0.000000e+00
2.94859010000e+04	2.479857e+02	0.000000e+00
2.94948430000e+04	2.477935e+02	0.000000e+00
2.95037870000e+04	2.475804e+02	0.000000e+00
2.95127340000e+04	2.473569e+02	0.000000e+00
2.95216840000e+04	2.470969e+02	0.000000e+00
2.95306360000e+04	2.468281e+02	0.000000e+00
2.95395910000e+04	2.465505e+02	0.000000e+00
2.95485490000e+04	2.462720e+02	0.000000e+00
2.95575100000e+04	2.460255e+02	0.000000e+00
2.95664730000e+04	2.457110e+02	0.000000e+00
2.95754390000e+04	2.453917e+02	0.000000e+00
2.95844080000e+04	2.450479e+02	0.000000e+00
2.95933790000e+04	2.446882e+02	0.000000e+00
2.96023530000e+04	2.443128e+02	0.000000e+00
2.96113300000e+04	2.439280e+02	0.000000e+00
2.96203100000e+04	2.435253e+02	0.000000e+00
2.96292920000e+04	2.431006e+02	0.000000e+00
2.96382770000e+04	2.426585e+02	0.000000e+00
2.96472650000e+04	2.422170e+02	0.000000e+00
2.96562550000e+04	2.416621e+02	0.000000e+00
2.96652480000e+04	2.412448e+02	0.000000e+00
2.96742440000e+04	2.407414e+02	0.000000e+00
2.96832430000e+04	2.402074e+02	0.000000e+00
2.96922440000e+04	2.396512e+02	0.000000e+00
2.97012480000e+04	2.390814e+02	0.000000e+00
2.97102550000e+04	2.384865e+02	0.000000e+00
2.97192650000e+04	2.378492e+02	0.000000e+00
2.97282770000e+04	2.371821e+02	0.000000e+00
2.97372920000e+04	2.364769e+02	0.000000e+00
2.97463100000e+04	2.357415e+02	0.000000e+00
2.97553310000e+04	2.349654e+02	0.000000e+00
2.97643540000e+04	2.341291e+02	0.000000e+00
2.97733800000e+04	2.332939e+02	0.000000e+00
2.97824080000e+04	2.324017e+02	0.000000e+00
2.97914400000e+04	2.314529e+02	0.000000e+00
2.98004740000e+04	2.304501e+02	0.000000e+00
2.98095110000e+04	2.293972e+02	0.000000e+00
2.98185510000e+04	2.283076e+02	0.000000e+00
2.98275930000e+04	2.271527e+02	0.000000e+00
2.98366380000e+04	2.259273e+02	0.000000e+00
2.98456860000e+04	2.246453e+02	0.000000e+00
2.98547370000e+04	2.232902e+02	0.000000e+00
2.98637900000e+04	2.218689e+02	0.000000e+00
2.98728460000e+04	2.203773e+02	0.000000e+00
2.98819050000e+04	2.187982e+02	0.000000e+00
2.98909670000e+04	2.171345e+02	0.000000e+00
2.99000310000e+04	2.153511e+02	0.000000e+00
2.99090980000e+04	2.135045e+02	0.000000e+00
2.99181680000e+04	2.115560e+02	0.000000e+00
2.99272410000e+04	2.094946e+02	0.000000e+00
2.99363160000e+04	2.073513e+02	0.000000e+00
2.99453940000e+04	2.051027e+02	0.000000e+00
2.99544750000e+04	2.027801e+02	0.000000e+00
2.99635590000e+04	2.003668e+02	0.000000e+00
2.99726450000e+04	1.978556e+02	0.000000e+00
2.99817340000e+04	1.952622e+02	0.000000e+00
2.99908260000e+04	1.925949e+02	0.000000e+00
2.99999210000e+04	1.898623e+02	0.000000e+00
3.00090180000e+04	1.870860e+02	0.000000e+00
3.00181190000e+04	1.842675e+02	0.000000e+00
3.00272220000e+04	1.814356e+02	0.000000e+00
3.00363270000e+04	1.785917e+02	0.000000e+00
3.00454360000e+04	1.757650e+02	0.000000e+00
3.00545470000e+04	1.729691e+02	0.000000e+00
3.00636610000e+04	1.702109e+02	0.000000e+00
3.00727780000e+04	1.675131e+02	0.000000e+00
3.00818970000e+04	1.648842e+02	0.000000e+00
3.00910190000e+04	1.623351e+02	0.000000e+00
3.01001440000e+04	1.598704e+02	0.000000e+00
3.01092720000e+04	1.574993e+02	0.000000e+00
3.01184030000e+04	1.552315e+02	0.000000e+00
3.01275360000e+04	1.530603e+02	0.000000e+00
3.01366720000e+04	1.509838e+02	0.000000e+00
3.01458110000e+04	1.490078e+02	0.000000e+00
3.01549530000e+04	1.471198e+02	0.000000e+00
3.01640970000e+04	1.453200e+02	0.000000e+00
3.01732440000e+04	1.436029e+02	0.000000e+00
3.01823940000e+04	1.419557e+02	0.000000e+00
3.01915470000e+04	1.403780e+02	0.000000e+00
3.02007030000e+04	1.388543e+02	0.000000e+00
3.02098610000e+04	1.373924e+02	0.000000e+00
3.02190220000e+04	1.359823e+02	0.000000e+00
3.02281860000e+04	1.346216e+02	0.000000e+00
3.02373530000e+04	1.333080e+02	0.000000e+00
3.02465220000e+04	1.320436e+02	0.000000e+00
3.02556940000e+04	1.308171e+02	0.000000e+00
3.02648690000e+04	1.296325e+02	0.000000e+00
3.02740470000e+04	1.285021e+02	0.000000e+00
3.02832280000e+04	1.274129e+02	0.000000e+00
3.02924110000e+04	1.263652e+02	0.000000e+00
3.03015970000e+04	1.253588e+02	0.000000e+00
3.03107860000e+04	1.243987e+02	0.000000e+00
3.03199780000e+04	1.234716e+02	0.000000e+00
3.03291720000e+04	1.225857e+02	0.000000e+00
3.03383690000e+04	1.217385e+02	0.000000e+00
3.03475690000e+04	1.209296e+02	0.000000e+00
3.03567720000e+04	1.201555e+02	0.000000e+00
3.03659780000e+04	1.194116e+02	0.000000e+00
3.03751860000e+04	1.186941e+02	0.000000e+00
3.03843970000e+04	1.180198e+02	0.000000e+00
3.03936110000e+04	1.173611e+02	0.000000e+00
3.04028280000e+04	1.167268e+02	0.000000e+00
3.04120480000e+04	1.161229e+02	0.000000e+00
3.04212700000e+04	1.155432e+02	0.000000e+00
3.04304950000e+04	1.149866e+02	0.000000e+00
3.04397230000e+04	1.144536e+02	0.000000e+00
3.04489540000e+04	1.139471e+02	0.000000e+00
3.04581880000e+04	1.134638e+02	0.000000e+00
3.04674240000e+04	1.129981e+02	0.000000e+00
3.04766630000e+04	1.125513e+02	0.000000e+00
3.04859050000e+04	1.121294e+02	0.000000e+00
3.04951500000e+04	1.117166e+02	0.000000e+00
3.05043980000e+04	1.113165e+02	0.000000e+00
3.05136480000e+04	1.109373e+02	0.000000e+00
3.05229010000e+04	1.105631e+02	0.000000e+00
3.05321570000e+04	1.102063e+02	0.000000e+00
3.05414160000e+04	1.098568e+02	0.000000e+00
3.05506780000e+04	1.095204e+02	0.000000e+00
3.05599420000e+04	1.091956e+02	0.000000e+00
3.05692090000e+04	1.088764e+02	0.000000e+00
3.05784800000e+04	1.085634e+02	0.000000e+00
3.05877520000e+04	1.082656e+02	0.000000e+00
3.05970280000e+04	1.079675e+02	0.000000e+00
3.06063070000e+04	1.076840e+02	0.000000e+00
3.06155880000e+04	1.074128e+02	0.000000e+00
3.06248720000e+04	1.071447e+02	0.000000e+00
3.06341590000e+04	1.068832e+02	0.000000e+00
3.06434490000e+04	1.066446e+02	0.000000e+00
3.06527410000e+04	1.064068e+02	0.000000e+00
3.06620370000e+04	1.061831e+02	0.000000e+00
3.06713350000e+04	1.059679e+02	0.000000e+00
3.06806360000e+04	1.057625e+02	0.000000e+00
3.06899400000e+04	1.055607e+02	0.000000e+00
3.06992460000e+04	1.053677e+02	0.000000e+00
3.07085560000e+04	1.051792e+02	0.000000e+00
3.07178680000e+04	1.049921e+02	0.000000e+00
3.07271830000e+04	1.048084e+02	0.000000e+00
3.07365010000e+04	1.046353e+02	0.000000e+00
3.07458220000e+04	1.044662e+02	0.000000e+00
3.07551460000e+04	1.042972e+02	0.000000e+00
3.07644720000e+04	1.041333e+02	0.000000e+00
3.07738010000e+04	1.039743e+02	0.000000e+00
3.07831330000e+04	1.038179e+02	0.000000e+00
3.07924680000e+04	1.036644e+02	0.000000e+00
3.08018060000e+04	1.035114e+02	0.000000e+00
3.08111470000e+04	1.033634e+02	0.000000e+00
3.08204900000e+04	1.032260e+02	0.000000e+00
3.08298360000e+04	1.030829e+02	0.000000e+00
3.08391850000e+04	1.029436e+02	0.000000e+00
3.08485370000e+04	1.028070e+02	0.000000e+00
3.08578920000e+04	1.026709e+02	0.000000e+00
3.08672500000e+04	1.025420e+02	0.000000e+00
3.08766100000e+04	1.024160e+02	0.000000e+00
3.08859730000e+04	1.022890e+02	0.000000e+00
3.08953400000e+04	1.021656e+02	0.000000e+00
3.09047080000e+04	1.020473e+02	0.000000e+00
3.09140800000e+04	1.019293e+02	0.000000e+00
3.09234550000e+04	1.018133e+02	0.000000e+00
3.09328320000e+04	1.017045e+02	0.000000e+00
3.09422130000e+04	1.015978e+02	0.000000e+00
3.09515960000e+04	1.014904e+02	0.000000e+00
3.09609820000e+04	1.013859e+02	0.000000e+00
3.09703710000e+04	1.012835e+02	0.000000e+00
3.09797620000e+04	1.011856e+02	0.000000e+00
3.09891570000e+04	1.010953e+02	0.000000e+00
3.09985540000e+04	1.010048e+02	0.000000e+00
3.10079550000e+04	1.009137e+02	0.000000e+00
3.10173580000e+04	1.008305e+02	0.000000e+00
3.10267640000e+04	1.007407e+02	0.000000e+00
3.10361720000e+04	1.006552e+02	0.000000e+00
3.10455840000e+04	1.005746e+02	0.000000e+00
3.10549990000e+04	1.004949e+02	0.000000e+00
3.10644160000e+04	1.004151e+02	0.000000e+00
3.10738360000e+04	1.003394e+02	0.000000e+00
3.10832590000e+04	1.002673e+02	0.000000e+00
3.10926850000e+04	1.001896e+02	0.000000e+00
3.11021140000e+04	1.001169e+02	0.000000e+00
3.11115460000e+04	1.000439e+02	0.000000e+00
3.11209800000e+04	9.996593e+01	0.000000e+00
3.11304180000e+04	9.989503e+01	0.000000e+00
3.11398580000e+04	9.982050e+01	0.000000e+00
3.11493010000e+04	9.974644e+01	0.000000e+00
3.11587470000e+04	9.967175e+01	0.000000e+00
3.11681960000e+04	9.960351e+01	0.000000e+00
3.11776470000e+04	9.953390e+01	0.000000e+00
3.11871020000e+04	9.947088e+01	0.000000e+00
3.11965590000e+04	9.939945e+01	0.000000e+00
3.12060200000e+04	9.933207e+01	0.000000e+00
3.12154830000e+04	9.926730e+01	0.000000e+00
3.12249490000e+04	9.920774e+01	0.000000e+00
3.12344180000e+04	9.914461e+01	0.000000e+00
3.12438900000e+04	9.908807e+01	0.000000e+00
3.12533640000e+04	9.903062e+01	0.000000e+00
3.12628420000e+04	9.897160e+01	0.000000e+00
3.12723220000e+04	9.891387e+01	0.000000e+00
3.12818050000e+04	9.886004e+01	0.000000e+00
3.12912920000e+04	9.880361e+01	0.000000e+00
3.13007810000e+04	9.874416e+01	0.000000e+00
3.13102720000e+04	9.868874e+01	0.000000e+00
3.13197670000e+04	9.863723e+01	0.000000e+00
3.13292650000e+04	9.858313e+01	0.000000e+00
3.13387650000e+04	9.854204e+01	0.000000e+00
3.13482690000e+04	9.849966e+01	0.000000e+00
3.13577750000e+04	9.844955e+01	0.000000e+00
3.13672840000e+04	9.840260e+01	0.000000e+00
3.13767960000e+04	9.835789e+01	0.000000e+00
3.13863110000e+04	9.831675e+01	0.000000e+00
3.13958290000e+04	9.827139e+01	0.000000e+00
3.14053500000e+04	9.823011e+01	0.000000e+00
3.14148740000e+04	9.818585e+01	0.000000e+00
3.14244000000e+04	9.814588e+01	0.000000e+00
3.14339290000e+04	9.810273e+01	0.000000e+00
3.14434620000e+04	9.806262e+01	0.000000e+00
3.14529970000e+04	9.802382e+01	0.000000e+00
3.14625350000e+04	9.798385e+01	0.000000e+00
3.14720760000e+04	9.794267e+01	0.000000e+00
3.14816200000e+04	9.790400e+01	0.000000e+00
3.14911660000e+04	9.786709e+01	0.000000e+00
3.15007160000e+04	9.784826e+01	0.000000e+00
3.15102690000e+04	9.781059e+01	0.000000e+00
3.15198240000e+04	9.777229e+01	0.000000e+00
3.15293820000e+04	9.773609e+01	0.000000e+00
3.15389440000e+04	9.770488e+01	0.000000e+00
3.15485080000e+04	9.767039e+01	0.000000e+00
3.15580750000e+04	9.763572e+01	0.000000e+00
3.15676450000e+04	9.760496e+01	0.000000e+00
3.15772170000e+04	9.757107e+01	0.000000e+00
3.15867930000e+04	9.753876e+01	0.000000e+00
3.15963720000e+04	9.750907e+01	0.000000e+00
3.16059530000e+04	9.747704e+01	0.000000e+00
3.16155380000e+04	9.744741e+01	0.000000e+00
3.16251250000e+04	9.741208e+01	0.000000e+00
3.16347150000e+04	9.737609e+01	0.000000e+00
3.16443090000e+04	9.733947e+01	0.000000e+00
3.16539050000e+04	9.730595e+01	0.000000e+00
3.16635040000e+04	9.727205e+01	0.000000e+00
3.16731060000e+04	9.724001e+01	0.000000e+00
3.16827100000e+04	9.720872e+01	0.000000e+00
3.16923180000e+04	9.717543e+01	0.000000e+00
3.17019290000e+04	9.714182e+01	0.000000e+00
3.17115420000e+04	9.710107e+01	0.000000e+00
3.17211590000e+04	9.706554e+01	0.000000e+00
3.17307780000e+04	9.703345e+01	0.000000e+00
3.17404000000e+04	9.700129e+01	0.000000e+00
3.17500260000e+04	9.697271e+01	0.000000e+00
3.17596540000e+04	9.694539e+01	0.000000e+00
3.17692850000e+04	9.691367e+01	0.000000e+00
3.17789190000e+04	9.688630e+01	0.000000e+00
3.17885560000e+04	9.685886e+01	0.000000e+00
3.17981950000e+04	9.683167e+01	0.000000e+00
3.18078380000e+04	9.680433e+01	0.000000e+00
3.18174840000e+04	9.677531e+01	0.000000e+00
3.18271320000e+04	9.674914e+01	0.000000e+00
3.18367840000e+04	9.672343e+01	0.000000e+00
3.18464380000e+04	9.670177e+01	0.000000e+00
3.18560960000e+04	9.667580e+01	0.000000e+00
3.18657560000e+04	9.664754e+01	0.000000e+00
3.18754190000e+04	9.662679e+01	0.000000e+00
3.18850850000e+04	9.660296e+01	0.000000e+00
3.18947550000e+04	9.657635e+01	0.000000e+00
3.19044270000e+04	9.655499e+01	0.000000e+00
3.19141020000e+04	9.653302e+01	0.000000e+00
3.19237790000e+04	9.650886e+01	0.000000e+00
3.19334600000e+04	9.648738e+01	0.000000e+00
3.19431440000e+04	9.646523e+01	0.000000e+00
3.19528310000e+04	9.644135e+01	0.000000e+00
3.19625200000e+04	9.642038e+01	0.000000e+00
3.19722130000e+04	9.640243e+01	0.000000e+00
3.19819080000e+04	9.637807e+01	0.000000e+00
3.19916070000e+04	9.635963e+01	0.000000e+00
3.20013080000e+04	9.633691e+01	0.000000e+00
3.20110130000e+04	9.631791e+01	0.000000e+00
3.20207200000e+04	9.630061e+01	0.000000e+00
3.20304300000e+04	9.628269e+01	0.000000e+00
3.20401430000e+04	9.626725e+01	0.000000e+00
3.20498590000e+04	9.624764e+01	0.000000e+00
3.20595780000e+04	9.622882e+01	0.000000e+00
3.20693000000e+04	9.620777e+01	0.000000e+00
3.20790250000e+04	9.618913e+01	0.000000e+00
3.20887530000e+04	9.617370e+01	0.000000e+00
3.20984840000e+04	9.615395e+01	0.000000e+00
3.21082180000e+04	9.613609e+01	0.000000e+00
3.21179550000e+04	9.611685e+01	0.000000e+00
3.21276940000e+04	9.610127e+01	0.000000e+00
3.21374370000e+04	9.608349e+01	0.000000e+00
3.21471830000e+04	9.606565e+01	0.000000e+00
3.21569310000e+04	9.604987e+01	0.000000e+00
3.21666830000e+04	9.603899e+01	0.000000e+00
3.21764370000e+04	9.602379e+01	0.000000e+00
3.21861950000e+04	9.601154e+01	0.000000e+00
3.21959550000e+04	9.599315e+01	0.000000e+00
3.22057180000e+04	9.597957e+01	0.000000e+00
3.22154850000e+04	9.596311e+01	0.000000e+00
3.22252540000e+04	9.595004e+01	0.000000e+00
3.22350260000e+04	9.593256e+01	0.000000e+00
3.22448010000e+04	9.591914e+01	0.000000e+00
3.22545800000e+04	9.590305e+01	0.000000e+00
3.22643610000e+04	9.589117e+01	0.000000e+00
3.22741450000e+04	9.588029e+01	0.000000e+00
3.22839320000e+04	9.586431e+01	0.000000e+00
3.22937220000e+04	9.584839e+01	0.000000e+00
3.23035150000e+04	9.583668e+01	0.000000e+00
3.23133110000e+04	9.581572e+01	0.000000e+00
3.23231100000e+04	9.580360e+01	0.000000e+00
3.23329120000e+04	9.578950e+01	0.000000e+00
3.23427170000e+04	9.577270e+01	0.000000e+00
3.23525250000e+04	9.578086e+01	0.000000e+00
3.23623350000e+04	9.578458e+01	0.000000e+00
3.23721490000e+04	9.576698e+01	0.000000e+00
3.23819660000e+04	9.574905e+01	0.000000e+00
3.23917860000e+04	9.572501e+01	0.000000e+00
3.24016090000e+04	9.569660e+01	0.000000e+00
3.24114340000e+04	9.567896e+01	0.000000e+00
3.24212630000e+04	9.566051e+01	0.000000e+00
3.24310950000e+04	9.564439e+01	0.000000e+00
3.24409290000e+04	9.563205e+01	0.000000e+00
3.24507670000e+04	9.561397e+01	0.000000e+00
3.24606080000e+04	9.560066e+01	0.000000e+00
3.24704510000e+04	9.558571e+01	0.000000e+00
3.24802980000e+04	9.557265e+01	0.000000e+00
3.24901470000e+04	9.555896e+01	0.000000e+00
3.25000000000e+04	9.554784e+01	0.000000e+00
