4294A REV1.04
"DATE: Jun 11 2002"


"MEASURE PARAMETER: IMPEDANCE MAG PHASE (DEG)"
"ADAPTER: PROBE"
"SWEEP TYPE: LOG FREQ"
"NUMBER of POINTS: 601"
"POINT DELAY TIME:  0 Sec"
"SWEEP DELAY TIME:  0 Sec"
"OSC LEVEL:  500 mVolt"
"DC BIAS: OFF"
"BW: 1"
"SWEEP AVERAGING: OFF"
"POINT AVERAGING: OFF"


"TRACE: A"
"FORMAT: LOG"

"Frequency"	"Data Trace Real"	"Data Trace Imag"	"Memory Trace Real"	"Memory Trace Imag"
7.40000000000e+04	9.100274e+02	0.000000e+00	9.034574e+02	0.000000e+00
7.41794130000e+04	9.075305e+02	0.000000e+00	9.008192e+02	0.000000e+00
7.43592620000e+04	9.053295e+02	0.000000e+00	8.981852e+02	0.000000e+00
7.45395460000e+04	9.023135e+02	0.000000e+00	8.955557e+02	0.000000e+00
7.47202680000e+04	8.999510e+02	0.000000e+00	8.929307e+02	0.000000e+00
7.49014270000e+04	8.973773e+02	0.000000e+00	8.903099e+02	0.000000e+00
7.50830260000e+04	8.943602e+02	0.000000e+00	8.876935e+02	0.000000e+00
7.52650650000e+04	8.919287e+02	0.000000e+00	8.850813e+02	0.000000e+00
7.54475460000e+04	8.895627e+02	0.000000e+00	8.824735e+02	0.000000e+00
7.56304690000e+04	8.867805e+02	0.000000e+00	8.798699e+02	0.000000e+00
7.58138350000e+04	8.843728e+02	0.000000e+00	8.772705e+02	0.000000e+00
7.59976460000e+04	8.811964e+02	0.000000e+00	8.746753e+02	0.000000e+00
7.61819030000e+04	8.790298e+02	0.000000e+00	8.720843e+02	0.000000e+00
7.63666060000e+04	8.764455e+02	0.000000e+00	8.694974e+02	0.000000e+00
7.65517570000e+04	8.740593e+02	0.000000e+00	8.669147e+02	0.000000e+00
7.67373570000e+04	8.712126e+02	0.000000e+00	8.643361e+02	0.000000e+00
7.69234070000e+04	8.685486e+02	0.000000e+00	8.617615e+02	0.000000e+00
7.71099090000e+04	8.660060e+02	0.000000e+00	8.591910e+02	0.000000e+00
7.72968620000e+04	8.634453e+02	0.000000e+00	8.566245e+02	0.000000e+00
7.74842680000e+04	8.609348e+02	0.000000e+00	8.540620e+02	0.000000e+00
7.76721290000e+04	8.582078e+02	0.000000e+00	8.515035e+02	0.000000e+00
7.78604460000e+04	8.556981e+02	0.000000e+00	8.489489e+02	0.000000e+00
7.80492190000e+04	8.529102e+02	0.000000e+00	8.463983e+02	0.000000e+00
7.82384500000e+04	8.502875e+02	0.000000e+00	8.438515e+02	0.000000e+00
7.84281390000e+04	8.479981e+02	0.000000e+00	8.413087e+02	0.000000e+00
7.86182880000e+04	8.458270e+02	0.000000e+00	8.387696e+02	0.000000e+00
7.88088990000e+04	8.428448e+02	0.000000e+00	8.362344e+02	0.000000e+00
7.89999710000e+04	8.403441e+02	0.000000e+00	8.337029e+02	0.000000e+00
7.91915070000e+04	8.381116e+02	0.000000e+00	8.311752e+02	0.000000e+00
7.93835070000e+04	8.355628e+02	0.000000e+00	8.286513e+02	0.000000e+00
7.95759730000e+04	8.325718e+02	0.000000e+00	8.261310e+02	0.000000e+00
7.97689050000e+04	8.299199e+02	0.000000e+00	8.236146e+02	0.000000e+00
7.99623050000e+04	8.278380e+02	0.000000e+00	8.211016e+02	0.000000e+00
8.01561740000e+04	8.249962e+02	0.000000e+00	8.185923e+02	0.000000e+00
8.03505130000e+04	8.226100e+02	0.000000e+00	8.160867e+02	0.000000e+00
8.05453240000e+04	8.205769e+02	0.000000e+00	8.135845e+02	0.000000e+00
8.07406060000e+04	8.179696e+02	0.000000e+00	8.110860e+02	0.000000e+00
8.09363620000e+04	8.153267e+02	0.000000e+00	8.085909e+02	0.000000e+00
8.11325930000e+04	8.131401e+02	0.000000e+00	8.060994e+02	0.000000e+00
8.13292990000e+04	8.101527e+02	0.000000e+00	8.036113e+02	0.000000e+00
8.15264820000e+04	8.076494e+02	0.000000e+00	8.011266e+02	0.000000e+00
8.17241440000e+04	8.054567e+02	0.000000e+00	7.986454e+02	0.000000e+00
8.19222840000e+04	8.028301e+02	0.000000e+00	7.961675e+02	0.000000e+00
8.21209050000e+04	8.004636e+02	0.000000e+00	7.936929e+02	0.000000e+00
8.23200080000e+04	7.979113e+02	0.000000e+00	7.912217e+02	0.000000e+00
8.25195930000e+04	7.956689e+02	0.000000e+00	7.887537e+02	0.000000e+00
8.27196620000e+04	7.927927e+02	0.000000e+00	7.862891e+02	0.000000e+00
8.29202160000e+04	7.905685e+02	0.000000e+00	7.838276e+02	0.000000e+00
8.31212570000e+04	7.877903e+02	0.000000e+00	7.813694e+02	0.000000e+00
8.33227840000e+04	7.858998e+02	0.000000e+00	7.789143e+02	0.000000e+00
8.35248010000e+04	7.826254e+02	0.000000e+00	7.764623e+02	0.000000e+00
8.37273070000e+04	7.801741e+02	0.000000e+00	7.740135e+02	0.000000e+00
8.39303040000e+04	7.781812e+02	0.000000e+00	7.715678e+02	0.000000e+00
8.41337940000e+04	7.753353e+02	0.000000e+00	7.691250e+02	0.000000e+00
8.43377770000e+04	7.735317e+02	0.000000e+00	7.666853e+02	0.000000e+00
8.45422540000e+04	7.706197e+02	0.000000e+00	7.642487e+02	0.000000e+00
8.47472270000e+04	7.678689e+02	0.000000e+00	7.618149e+02	0.000000e+00
8.49526970000e+04	7.657907e+02	0.000000e+00	7.593840e+02	0.000000e+00
8.51586650000e+04	7.634152e+02	0.000000e+00	7.569561e+02	0.000000e+00
8.53651330000e+04	7.603957e+02	0.000000e+00	7.545310e+02	0.000000e+00
8.55721010000e+04	7.584222e+02	0.000000e+00	7.521088e+02	0.000000e+00
8.57795710000e+04	7.561801e+02	0.000000e+00	7.496893e+02	0.000000e+00
8.59875440000e+04	7.534011e+02	0.000000e+00	7.472726e+02	0.000000e+00
8.61960210000e+04	7.515758e+02	0.000000e+00	7.448586e+02	0.000000e+00
8.64050040000e+04	7.490091e+02	0.000000e+00	7.424473e+02	0.000000e+00
8.66144930000e+04	7.462067e+02	0.000000e+00	7.400387e+02	0.000000e+00
8.68244900000e+04	7.439201e+02	0.000000e+00	7.376327e+02	0.000000e+00
8.70349970000e+04	7.416233e+02	0.000000e+00	7.352293e+02	0.000000e+00
8.72460130000e+04	7.393350e+02	0.000000e+00	7.328285e+02	0.000000e+00
8.74575420000e+04	7.364719e+02	0.000000e+00	7.304302e+02	0.000000e+00
8.76695830000e+04	7.340939e+02	0.000000e+00	7.280344e+02	0.000000e+00
8.78821380000e+04	7.318951e+02	0.000000e+00	7.256411e+02	0.000000e+00
8.80952090000e+04	7.291602e+02	0.000000e+00	7.232501e+02	0.000000e+00
8.83087960000e+04	7.271086e+02	0.000000e+00	7.208616e+02	0.000000e+00
8.85229010000e+04	7.244952e+02	0.000000e+00	7.184753e+02	0.000000e+00
8.87375260000e+04	7.226113e+02	0.000000e+00	7.160915e+02	0.000000e+00
8.89526700000e+04	7.198895e+02	0.000000e+00	7.137099e+02	0.000000e+00
8.91683360000e+04	7.174446e+02	0.000000e+00	7.113305e+02	0.000000e+00
8.93845250000e+04	7.156853e+02	0.000000e+00	7.089534e+02	0.000000e+00
8.96012380000e+04	7.126904e+02	0.000000e+00	7.065784e+02	0.000000e+00
8.98184770000e+04	7.105720e+02	0.000000e+00	7.042055e+02	0.000000e+00
9.00362420000e+04	7.082201e+02	0.000000e+00	7.018348e+02	0.000000e+00
9.02545360000e+04	7.060839e+02	0.000000e+00	6.994661e+02	0.000000e+00
9.04733580000e+04	7.032298e+02	0.000000e+00	6.970994e+02	0.000000e+00
9.06927110000e+04	7.010729e+02	0.000000e+00	6.947347e+02	0.000000e+00
9.09125960000e+04	6.985198e+02	0.000000e+00	6.923719e+02	0.000000e+00
9.11330140000e+04	6.959369e+02	0.000000e+00	6.900110e+02	0.000000e+00
9.13539670000e+04	6.936784e+02	0.000000e+00	6.876520e+02	0.000000e+00
9.15754550000e+04	6.913160e+02	0.000000e+00	6.852949e+02	0.000000e+00
9.17974800000e+04	6.890402e+02	0.000000e+00	6.829394e+02	0.000000e+00
9.20200430000e+04	6.864737e+02	0.000000e+00	6.805857e+02	0.000000e+00
9.22431460000e+04	6.842067e+02	0.000000e+00	6.782338e+02	0.000000e+00
9.24667900000e+04	6.819608e+02	0.000000e+00	6.758834e+02	0.000000e+00
9.26909760000e+04	6.795546e+02	0.000000e+00	6.735347e+02	0.000000e+00
9.29157060000e+04	6.771118e+02	0.000000e+00	6.711876e+02	0.000000e+00
9.31409810000e+04	6.747971e+02	0.000000e+00	6.688419e+02	0.000000e+00
9.33668010000e+04	6.724350e+02	0.000000e+00	6.664978e+02	0.000000e+00
9.35931700000e+04	6.701324e+02	0.000000e+00	6.641550e+02	0.000000e+00
9.38200870000e+04	6.672156e+02	0.000000e+00	6.618137e+02	0.000000e+00
9.40475540000e+04	6.653591e+02	0.000000e+00	6.594738e+02	0.000000e+00
9.42755730000e+04	6.632462e+02	0.000000e+00	6.571351e+02	0.000000e+00
9.45041440000e+04	6.602416e+02	0.000000e+00	6.547977e+02	0.000000e+00
9.47332700000e+04	6.585145e+02	0.000000e+00	6.524614e+02	0.000000e+00
9.49629510000e+04	6.556223e+02	0.000000e+00	6.501264e+02	0.000000e+00
9.51931890000e+04	6.536069e+02	0.000000e+00	6.477925e+02	0.000000e+00
9.54239860000e+04	6.513116e+02	0.000000e+00	6.454597e+02	0.000000e+00
9.56553410000e+04	6.488622e+02	0.000000e+00	6.431278e+02	0.000000e+00
9.58872580000e+04	6.465217e+02	0.000000e+00	6.407970e+02	0.000000e+00
9.61197370000e+04	6.443540e+02	0.000000e+00	6.384670e+02	0.000000e+00
9.63527800000e+04	6.422920e+02	0.000000e+00	6.361379e+02	0.000000e+00
9.65863880000e+04	6.398047e+02	0.000000e+00	6.338097e+02	0.000000e+00
9.68205620000e+04	6.369714e+02	0.000000e+00	6.314822e+02	0.000000e+00
9.70553040000e+04	6.348622e+02	0.000000e+00	6.291554e+02	0.000000e+00
9.72906150000e+04	6.327889e+02	0.000000e+00	6.268293e+02	0.000000e+00
9.75264970000e+04	6.300242e+02	0.000000e+00	6.245038e+02	0.000000e+00
9.77629500000e+04	6.278974e+02	0.000000e+00	6.221790e+02	0.000000e+00
9.79999770000e+04	6.260919e+02	0.000000e+00	6.198545e+02	0.000000e+00
9.82375780000e+04	6.233568e+02	0.000000e+00	6.175305e+02	0.000000e+00
9.84757560000e+04	6.206378e+02	0.000000e+00	6.152070e+02	0.000000e+00
9.87145100000e+04	6.185496e+02	0.000000e+00	6.128837e+02	0.000000e+00
9.89538440000e+04	6.160322e+02	0.000000e+00	6.105607e+02	0.000000e+00
9.91937580000e+04	6.135961e+02	0.000000e+00	6.082380e+02	0.000000e+00
9.94342540000e+04	6.113967e+02	0.000000e+00	6.059154e+02	0.000000e+00
9.96753330000e+04	6.088419e+02	0.000000e+00	6.035930e+02	0.000000e+00
9.99169960000e+04	6.070944e+02	0.000000e+00	6.012706e+02	0.000000e+00
1.00159245000e+05	6.046508e+02	0.000000e+00	5.989481e+02	0.000000e+00
1.00402082000e+05	6.020920e+02	0.000000e+00	5.966256e+02	0.000000e+00
1.00645507000e+05	6.001514e+02	0.000000e+00	5.943030e+02	0.000000e+00
1.00889523000e+05	5.978911e+02	0.000000e+00	5.919801e+02	0.000000e+00
1.01134130000e+05	5.950768e+02	0.000000e+00	5.896570e+02	0.000000e+00
1.01379330000e+05	5.929266e+02	0.000000e+00	5.873336e+02	0.000000e+00
1.01625125000e+05	5.906923e+02	0.000000e+00	5.850097e+02	0.000000e+00
1.01871515000e+05	5.879550e+02	0.000000e+00	5.826854e+02	0.000000e+00
1.02118503000e+05	5.858597e+02	0.000000e+00	5.803606e+02	0.000000e+00
1.02366090000e+05	5.832847e+02	0.000000e+00	5.780352e+02	0.000000e+00
1.02614277000e+05	5.812625e+02	0.000000e+00	5.757090e+02	0.000000e+00
1.02863066000e+05	5.788965e+02	0.000000e+00	5.733822e+02	0.000000e+00
1.03112458000e+05	5.762955e+02	0.000000e+00	5.710546e+02	0.000000e+00
1.03362454000e+05	5.738264e+02	0.000000e+00	5.687260e+02	0.000000e+00
1.03613057000e+05	5.718559e+02	0.000000e+00	5.663965e+02	0.000000e+00
1.03864267000e+05	5.696700e+02	0.000000e+00	5.640660e+02	0.000000e+00
1.04116087000e+05	5.671491e+02	0.000000e+00	5.617344e+02	0.000000e+00
1.04368517000e+05	5.646105e+02	0.000000e+00	5.594016e+02	0.000000e+00
1.04621559000e+05	5.622998e+02	0.000000e+00	5.570676e+02	0.000000e+00
1.04875214000e+05	5.597287e+02	0.000000e+00	5.547322e+02	0.000000e+00
1.05129485000e+05	5.576898e+02	0.000000e+00	5.523954e+02	0.000000e+00
1.05384372000e+05	5.553275e+02	0.000000e+00	5.500571e+02	0.000000e+00
1.05639876000e+05	5.530784e+02	0.000000e+00	5.477172e+02	0.000000e+00
1.05896001000e+05	5.504304e+02	0.000000e+00	5.453756e+02	0.000000e+00
1.06152746000e+05	5.480106e+02	0.000000e+00	5.430323e+02	0.000000e+00
1.06410114000e+05	5.458729e+02	0.000000e+00	5.406873e+02	0.000000e+00
1.06668106000e+05	5.437822e+02	0.000000e+00	5.383402e+02	0.000000e+00
1.06926723000e+05	5.409261e+02	0.000000e+00	5.359911e+02	0.000000e+00
1.07185967000e+05	5.386957e+02	0.000000e+00	5.336400e+02	0.000000e+00
1.07445840000e+05	5.364313e+02	0.000000e+00	5.312866e+02	0.000000e+00
1.07706343000e+05	5.343261e+02	0.000000e+00	5.289309e+02	0.000000e+00
1.07967478000e+05	5.315030e+02	0.000000e+00	5.265729e+02	0.000000e+00
1.08229245000e+05	5.291631e+02	0.000000e+00	5.242124e+02	0.000000e+00
1.08491648000e+05	5.268862e+02	0.000000e+00	5.218493e+02	0.000000e+00
1.08754686000e+05	5.244617e+02	0.000000e+00	5.194836e+02	0.000000e+00
1.09018362000e+05	5.221450e+02	0.000000e+00	5.171151e+02	0.000000e+00
1.09282678000e+05	5.195965e+02	0.000000e+00	5.147437e+02	0.000000e+00
1.09547634000e+05	5.173557e+02	0.000000e+00	5.123693e+02	0.000000e+00
1.09813233000e+05	5.153745e+02	0.000000e+00	5.099918e+02	0.000000e+00
1.10079476000e+05	5.122736e+02	0.000000e+00	5.076111e+02	0.000000e+00
1.10346364000e+05	5.101049e+02	0.000000e+00	5.052271e+02	0.000000e+00
1.10613899000e+05	5.078090e+02	0.000000e+00	5.028397e+02	0.000000e+00
1.10882083000e+05	5.052621e+02	0.000000e+00	5.004487e+02	0.000000e+00
1.11150917000e+05	5.029473e+02	0.000000e+00	4.980542e+02	0.000000e+00
1.11420403000e+05	5.002890e+02	0.000000e+00	4.956558e+02	0.000000e+00
1.11690542000e+05	4.981108e+02	0.000000e+00	4.932536e+02	0.000000e+00
1.11961337000e+05	4.955480e+02	0.000000e+00	4.908473e+02	0.000000e+00
1.12232788000e+05	4.931442e+02	0.000000e+00	4.884369e+02	0.000000e+00
1.12504896000e+05	4.908171e+02	0.000000e+00	4.860222e+02	0.000000e+00
1.12777665000e+05	4.882975e+02	0.000000e+00	4.836032e+02	0.000000e+00
1.13051095000e+05	4.858112e+02	0.000000e+00	4.811797e+02	0.000000e+00
1.13325188000e+05	4.832404e+02	0.000000e+00	4.787514e+02	0.000000e+00
1.13599945000e+05	4.810932e+02	0.000000e+00	4.763185e+02	0.000000e+00
1.13875369000e+05	4.783857e+02	0.000000e+00	4.738805e+02	0.000000e+00
1.14151460000e+05	4.762682e+02	0.000000e+00	4.714375e+02	0.000000e+00
1.14428221000e+05	4.733630e+02	0.000000e+00	4.689893e+02	0.000000e+00
1.14705653000e+05	4.709968e+02	0.000000e+00	4.665357e+02	0.000000e+00
1.14983757000e+05	4.685882e+02	0.000000e+00	4.640766e+02	0.000000e+00
1.15262536000e+05	4.663700e+02	0.000000e+00	4.616118e+02	0.000000e+00
1.15541990000e+05	4.636006e+02	0.000000e+00	4.591413e+02	0.000000e+00
1.15822122000e+05	4.610850e+02	0.000000e+00	4.566647e+02	0.000000e+00
1.16102934000e+05	4.583126e+02	0.000000e+00	4.541820e+02	0.000000e+00
1.16384426000e+05	4.562853e+02	0.000000e+00	4.516931e+02	0.000000e+00
1.16666600000e+05	4.540724e+02	0.000000e+00	4.491976e+02	0.000000e+00
1.16949459000e+05	4.517206e+02	0.000000e+00	4.466955e+02	0.000000e+00
1.17233004000e+05	4.490906e+02	0.000000e+00	4.441866e+02	0.000000e+00
1.17517236000e+05	4.465768e+02	0.000000e+00	4.416706e+02	0.000000e+00
1.17802157000e+05	4.439803e+02	0.000000e+00	4.391475e+02	0.000000e+00
1.18087769000e+05	4.412535e+02	0.000000e+00	4.366170e+02	0.000000e+00
1.18374073000e+05	4.387991e+02	0.000000e+00	4.340790e+02	0.000000e+00
1.18661071000e+05	4.360573e+02	0.000000e+00	4.315332e+02	0.000000e+00
1.18948766000e+05	4.333518e+02	0.000000e+00	4.289795e+02	0.000000e+00
1.19237158000e+05	4.308667e+02	0.000000e+00	4.264176e+02	0.000000e+00
1.19526249000e+05	4.282760e+02	0.000000e+00	4.238474e+02	0.000000e+00
1.19816040000e+05	4.259536e+02	0.000000e+00	4.212686e+02	0.000000e+00
1.20106535000e+05	4.232086e+02	0.000000e+00	4.186809e+02	0.000000e+00
1.20397734000e+05	4.205677e+02	0.000000e+00	4.160844e+02	0.000000e+00
1.20689639000e+05	4.178360e+02	0.000000e+00	4.134785e+02	0.000000e+00
1.20982251000e+05	4.153102e+02	0.000000e+00	4.108632e+02	0.000000e+00
1.21275573000e+05	4.126456e+02	0.000000e+00	4.082383e+02	0.000000e+00
1.21569607000e+05	4.099776e+02	0.000000e+00	4.056033e+02	0.000000e+00
1.21864353000e+05	4.072834e+02	0.000000e+00	4.029582e+02	0.000000e+00
1.22159813000e+05	4.045146e+02	0.000000e+00	4.003026e+02	0.000000e+00
1.22455990000e+05	4.016137e+02	0.000000e+00	3.976364e+02	0.000000e+00
1.22752885000e+05	3.992357e+02	0.000000e+00	3.949592e+02	0.000000e+00
1.23050500000e+05	3.964807e+02	0.000000e+00	3.922708e+02	0.000000e+00
1.23348837000e+05	3.936617e+02	0.000000e+00	3.895708e+02	0.000000e+00
1.23647897000e+05	3.907920e+02	0.000000e+00	3.868591e+02	0.000000e+00
1.23947682000e+05	3.882315e+02	0.000000e+00	3.841353e+02	0.000000e+00
1.24248193000e+05	3.855155e+02	0.000000e+00	3.813991e+02	0.000000e+00
1.24549434000e+05	3.825350e+02	0.000000e+00	3.786502e+02	0.000000e+00
1.24851404000e+05	3.799674e+02	0.000000e+00	3.758884e+02	0.000000e+00
1.25154107000e+05	3.772218e+02	0.000000e+00	3.731133e+02	0.000000e+00
1.25457544000e+05	3.742793e+02	0.000000e+00	3.703245e+02	0.000000e+00
1.25761716000e+05	3.715424e+02	0.000000e+00	3.675218e+02	0.000000e+00
1.26066626000e+05	3.686607e+02	0.000000e+00	3.647047e+02	0.000000e+00
1.26372275000e+05	3.657192e+02	0.000000e+00	3.618730e+02	0.000000e+00
1.26678665000e+05	3.627660e+02	0.000000e+00	3.590263e+02	0.000000e+00
1.26985798000e+05	3.599597e+02	0.000000e+00	3.561641e+02	0.000000e+00
1.27293676000e+05	3.571380e+02	0.000000e+00	3.532863e+02	0.000000e+00
1.27602300000e+05	3.542232e+02	0.000000e+00	3.503922e+02	0.000000e+00
1.27911672000e+05	3.515160e+02	0.000000e+00	3.474816e+02	0.000000e+00
1.28221795000e+05	3.481977e+02	0.000000e+00	3.445540e+02	0.000000e+00
1.28532669000e+05	3.454724e+02	0.000000e+00	3.416091e+02	0.000000e+00
1.28844297000e+05	3.425256e+02	0.000000e+00	3.386463e+02	0.000000e+00
1.29156681000e+05	3.394372e+02	0.000000e+00	3.356653e+02	0.000000e+00
1.29469822000e+05	3.364809e+02	0.000000e+00	3.326655e+02	0.000000e+00
1.29783722000e+05	3.334217e+02	0.000000e+00	3.296466e+02	0.000000e+00
1.30098383000e+05	3.303255e+02	0.000000e+00	3.266080e+02	0.000000e+00
1.30413807000e+05	3.271310e+02	0.000000e+00	3.235493e+02	0.000000e+00
1.30729996000e+05	3.242319e+02	0.000000e+00	3.204699e+02	0.000000e+00
1.31046952000e+05	3.208411e+02	0.000000e+00	3.173693e+02	0.000000e+00
1.31364676000e+05	3.178893e+02	0.000000e+00	3.142470e+02	0.000000e+00
1.31683170000e+05	3.147961e+02	0.000000e+00	3.111024e+02	0.000000e+00
1.32002436000e+05	3.115684e+02	0.000000e+00	3.079350e+02	0.000000e+00
1.32322477000e+05	3.083338e+02	0.000000e+00	3.047442e+02	0.000000e+00
1.32643293000e+05	3.050451e+02	0.000000e+00	3.015294e+02	0.000000e+00
1.32964888000e+05	3.018245e+02	0.000000e+00	2.982899e+02	0.000000e+00
1.33287262000e+05	2.985416e+02	0.000000e+00	2.950251e+02	0.000000e+00
1.33610417000e+05	2.951650e+02	0.000000e+00	2.917345e+02	0.000000e+00
1.33934356000e+05	2.920891e+02	0.000000e+00	2.884173e+02	0.000000e+00
1.34259081000e+05	2.886880e+02	0.000000e+00	2.850728e+02	0.000000e+00
1.34584593000e+05	2.851249e+02	0.000000e+00	2.817002e+02	0.000000e+00
1.34910893000e+05	2.817444e+02	0.000000e+00	2.782990e+02	0.000000e+00
1.35237986000e+05	2.781506e+02	0.000000e+00	2.748682e+02	0.000000e+00
1.35565871000e+05	2.746890e+02	0.000000e+00	2.714072e+02	0.000000e+00
1.35894551000e+05	2.713316e+02	0.000000e+00	2.679151e+02	0.000000e+00
1.36224028000e+05	2.675331e+02	0.000000e+00	2.643911e+02	0.000000e+00
1.36554304000e+05	2.641817e+02	0.000000e+00	2.608343e+02	0.000000e+00
1.36885380000e+05	2.602472e+02	0.000000e+00	2.572438e+02	0.000000e+00
1.37217259000e+05	2.565817e+02	0.000000e+00	2.536189e+02	0.000000e+00
1.37549943000e+05	2.527848e+02	0.000000e+00	2.499583e+02	0.000000e+00
1.37883434000e+05	2.491902e+02	0.000000e+00	2.462614e+02	0.000000e+00
1.38217733000e+05	2.462459e+02	0.000000e+00	2.425269e+02	0.000000e+00
1.38552842000e+05	2.428451e+02	0.000000e+00	2.387540e+02	0.000000e+00
1.38888764000e+05	2.390447e+02	0.000000e+00	2.349414e+02	0.000000e+00
1.39225501000e+05	2.351445e+02	0.000000e+00	2.310882e+02	0.000000e+00
1.39563053000e+05	2.310764e+02	0.000000e+00	2.271932e+02	0.000000e+00
1.39901425000e+05	2.271138e+02	0.000000e+00	2.232551e+02	0.000000e+00
1.40240616000e+05	2.230673e+02	0.000000e+00	2.192729e+02	0.000000e+00
1.40580630000e+05	2.189534e+02	0.000000e+00	2.152452e+02	0.000000e+00
1.40921469000e+05	2.147719e+02	0.000000e+00	2.111708e+02	0.000000e+00
1.41263134000e+05	2.105975e+02	0.000000e+00	2.070482e+02	0.000000e+00
1.41605627000e+05	2.063939e+02	0.000000e+00	2.028762e+02	0.000000e+00
1.41948950000e+05	2.022093e+02	0.000000e+00	1.986533e+02	0.000000e+00
1.42293106000e+05	1.977532e+02	0.000000e+00	1.943779e+02	0.000000e+00
1.42638096000e+05	1.935078e+02	0.000000e+00	1.900487e+02	0.000000e+00
1.42983923000e+05	1.889957e+02	0.000000e+00	1.856640e+02	0.000000e+00
1.43330588000e+05	1.845756e+02	0.000000e+00	1.812223e+02	0.000000e+00
1.43678094000e+05	1.801152e+02	0.000000e+00	1.767218e+02	0.000000e+00
1.44026442000e+05	1.755242e+02	0.000000e+00	1.721609e+02	0.000000e+00
1.44375635000e+05	1.707685e+02	0.000000e+00	1.675377e+02	0.000000e+00
1.44725674000e+05	1.661142e+02	0.000000e+00	1.628505e+02	0.000000e+00
1.45076562000e+05	1.612319e+02	0.000000e+00	1.580974e+02	0.000000e+00
1.45428301000e+05	1.564175e+02	0.000000e+00	1.532766e+02	0.000000e+00
1.45780893000e+05	1.514729e+02	0.000000e+00	1.483861e+02	0.000000e+00
1.46134339000e+05	1.464336e+02	0.000000e+00	1.434239e+02	0.000000e+00
1.46488643000e+05	1.413595e+02	0.000000e+00	1.383882e+02	0.000000e+00
1.46843805000e+05	1.361675e+02	0.000000e+00	1.332769e+02	0.000000e+00
1.47199828000e+05	1.309394e+02	0.000000e+00	1.280881e+02	0.000000e+00
1.47556715000e+05	1.255867e+02	0.000000e+00	1.228200e+02	0.000000e+00
1.47914467000e+05	1.202225e+02	0.000000e+00	1.174706e+02	0.000000e+00
1.48273086000e+05	1.145892e+02	0.000000e+00	1.120385e+02	0.000000e+00
1.48632575000e+05	1.090611e+02	0.000000e+00	1.065222e+02	0.000000e+00
1.48992935000e+05	1.032996e+02	0.000000e+00	1.009205e+02	0.000000e+00
1.49354170000e+05	9.752608e+01	0.000000e+00	9.523306e+01	0.000000e+00
1.49716279000e+05	9.157209e+01	0.000000e+00	8.945998e+01	0.000000e+00
1.50079267000e+05	8.559429e+01	0.000000e+00	8.360253e+01	0.000000e+00
1.50443135000e+05	7.946700e+01	0.000000e+00	7.766367e+01	0.000000e+00
1.50807885000e+05	7.318858e+01	0.000000e+00	7.164883e+01	0.000000e+00
1.51173520000e+05	6.688222e+01	0.000000e+00	6.556724e+01	0.000000e+00
1.51540040000e+05	6.042787e+01	0.000000e+00	5.943427e+01	0.000000e+00
1.51907450000e+05	5.397190e+01	0.000000e+00	5.327520e+01	0.000000e+00
1.52275750000e+05	4.743670e+01	0.000000e+00	4.713226e+01	0.000000e+00
1.52644944000e+05	4.103746e+01	0.000000e+00	4.107765e+01	0.000000e+00
1.53015032000e+05	3.489924e+01	0.000000e+00	3.523878e+01	0.000000e+00
1.53386018000e+05	2.937965e+01	0.000000e+00	2.984724e+01	0.000000e+00
1.53757903000e+05	2.499185e+01	0.000000e+00	2.532486e+01	0.000000e+00
1.54130689000e+05	2.249745e+01	0.000000e+00	2.237202e+01	0.000000e+00
1.54504380000e+05	2.254187e+01	0.000000e+00	2.182197e+01	0.000000e+00
1.54878977000e+05	2.510231e+01	0.000000e+00	2.401961e+01	0.000000e+00
1.55254481000e+05	2.957733e+01	0.000000e+00	2.849517e+01	0.000000e+00
1.55630897000e+05	3.532428e+01	0.000000e+00	3.451558e+01	0.000000e+00
1.56008224000e+05	4.197108e+01	0.000000e+00	4.154372e+01	0.000000e+00
1.56386467000e+05	4.917308e+01	0.000000e+00	4.926955e+01	0.000000e+00
1.56765627000e+05	5.694722e+01	0.000000e+00	5.752423e+01	0.000000e+00
1.57145706000e+05	6.516393e+01	0.000000e+00	6.621609e+01	0.000000e+00
1.57526706000e+05	7.384921e+01	0.000000e+00	7.529544e+01	0.000000e+00
1.57908630000e+05	8.294427e+01	0.000000e+00	8.473644e+01	0.000000e+00
1.58291481000e+05	9.239854e+01	0.000000e+00	9.452747e+01	0.000000e+00
1.58675259000e+05	1.023054e+02	0.000000e+00	1.046658e+02	0.000000e+00
1.59059968000e+05	1.125486e+02	0.000000e+00	1.151551e+02	0.000000e+00
1.59445610000e+05	1.231689e+02	0.000000e+00	1.260030e+02	0.000000e+00
1.59832186000e+05	1.342471e+02	0.000000e+00	1.372208e+02	0.000000e+00
1.60219700000e+05	1.456507e+02	0.000000e+00	1.488226e+02	0.000000e+00
1.60608154000e+05	1.574772e+02	0.000000e+00	1.608250e+02	0.000000e+00
1.60997549000e+05	1.698003e+02	0.000000e+00	1.732466e+02	0.000000e+00
1.61387888000e+05	1.825327e+02	0.000000e+00	1.861084e+02	0.000000e+00
1.61779174000e+05	1.959336e+02	0.000000e+00	1.994339e+02	0.000000e+00
1.62171408000e+05	2.096327e+02	0.000000e+00	2.132484e+02	0.000000e+00
1.62564593000e+05	2.238137e+02	0.000000e+00	2.275798e+02	0.000000e+00
1.62958732000e+05	2.385786e+02	0.000000e+00	2.424588e+02	0.000000e+00
1.63353826000e+05	2.539061e+02	0.000000e+00	2.579186e+02	0.000000e+00
1.63749878000e+05	2.698126e+02	0.000000e+00	2.739954e+02	0.000000e+00
1.64146891000e+05	2.864057e+02	0.000000e+00	2.907291e+02	0.000000e+00
1.64544866000e+05	3.036295e+02	0.000000e+00	3.081628e+02	0.000000e+00
1.64943805000e+05	3.215789e+02	0.000000e+00	3.263438e+02	0.000000e+00
1.65343712000e+05	3.404632e+02	0.000000e+00	3.453242e+02	0.000000e+00
1.65744589000e+05	3.603951e+02	0.000000e+00	3.651606e+02	0.000000e+00
1.66146437000e+05	3.812250e+02	0.000000e+00	3.859156e+02	0.000000e+00
1.66549260000e+05	4.028464e+02	0.000000e+00	4.076581e+02	0.000000e+00
1.66953060000e+05	4.253237e+02	0.000000e+00	4.304638e+02	0.000000e+00
1.67357838000e+05	4.494095e+02	0.000000e+00	4.544167e+02	0.000000e+00
1.67763598000e+05	4.747440e+02	0.000000e+00	4.796098e+02	0.000000e+00
1.68170342000e+05	5.013834e+02	0.000000e+00	5.061465e+02	0.000000e+00
1.68578071000e+05	5.291932e+02	0.000000e+00	5.341418e+02	0.000000e+00
1.68986790000e+05	5.587498e+02	0.000000e+00	5.637249e+02	0.000000e+00
1.69396499000e+05	5.898520e+02	0.000000e+00	5.950397e+02	0.000000e+00
1.69807202000e+05	6.231987e+02	0.000000e+00	6.282488e+02	0.000000e+00
1.70218900000e+05	6.584991e+02	0.000000e+00	6.635355e+02	0.000000e+00
1.70631596000e+05	6.961969e+02	0.000000e+00	7.011072e+02	0.000000e+00
1.71045293000e+05	7.367184e+02	0.000000e+00	7.412003e+02	0.000000e+00
1.71459994000e+05	7.797769e+02	0.000000e+00	7.840846e+02	0.000000e+00
1.71875699000e+05	8.254839e+02	0.000000e+00	8.300693e+02	0.000000e+00
1.72292413000e+05	8.752933e+02	0.000000e+00	8.795115e+02	0.000000e+00
1.72710136000e+05	9.293658e+02	0.000000e+00	9.328243e+02	0.000000e+00
1.73128873000e+05	9.870988e+02	0.000000e+00	9.904897e+02	0.000000e+00
1.73548625000e+05	1.050076e+03	0.000000e+00	1.053073e+03	0.000000e+00
1.73969394000e+05	1.119075e+03	0.000000e+00	1.121238e+03	0.000000e+00
1.74391184000e+05	1.195187e+03	0.000000e+00	1.195779e+03	0.000000e+00
1.74813996000e+05	1.277116e+03	0.000000e+00	1.277641e+03	0.000000e+00
1.75237833000e+05	1.368930e+03	0.000000e+00	1.367967e+03	0.000000e+00
1.75662698000e+05	1.470936e+03	0.000000e+00	1.468149e+03	0.000000e+00
1.76088593000e+05	1.585300e+03	0.000000e+00	1.579897e+03	0.000000e+00
1.76515521000e+05	1.713645e+03	0.000000e+00	1.705337e+03	0.000000e+00
1.76943483000e+05	1.859169e+03	0.000000e+00	1.847141e+03	0.000000e+00
1.77372484000e+05	2.025141e+03	0.000000e+00	2.008717e+03	0.000000e+00
1.77802524000e+05	2.217573e+03	0.000000e+00	2.194465e+03	0.000000e+00
1.78233607000e+05	2.443251e+03	0.000000e+00	2.410173e+03	0.000000e+00
1.78665735000e+05	2.710385e+03	0.000000e+00	2.663577e+03	0.000000e+00
1.79098911000e+05	3.031407e+03	0.000000e+00	2.965239e+03	0.000000e+00
1.79533137000e+05	3.421594e+03	0.000000e+00	3.329894e+03	0.000000e+00
1.79968416000e+05	3.917882e+03	0.000000e+00	3.778600e+03	0.000000e+00
1.80404751000e+05	4.551443e+03	0.000000e+00	4.342219e+03	0.000000e+00
1.80842143000e+05	5.393412e+03	0.000000e+00	5.067029e+03	0.000000e+00
1.81280595000e+05	6.563878e+03	0.000000e+00	6.023365e+03	0.000000e+00
1.81720111000e+05	8.286992e+03	0.000000e+00	7.315838e+03	0.000000e+00
1.82160692000e+05	1.098054e+04	0.000000e+00	9.078047e+03	0.000000e+00
1.82602342000e+05	1.539149e+04	0.000000e+00	1.135986e+04	0.000000e+00
1.83045062000e+05	2.133900e+04	0.000000e+00	1.363670e+04	0.000000e+00
1.83488855000e+05	2.198930e+04	0.000000e+00	1.431459e+04	0.000000e+00
1.83933725000e+05	1.641349e+04	0.000000e+00	1.277329e+04	0.000000e+00
1.84379673000e+05	1.194459e+04	0.000000e+00	1.053765e+04	0.000000e+00
1.84826703000e+05	9.187442e+03	0.000000e+00	8.638502e+03	0.000000e+00
1.85274816000e+05	7.426131e+03	0.000000e+00	7.214451e+03	0.000000e+00
1.85724015000e+05	6.230159e+03	0.000000e+00	6.160499e+03	0.000000e+00
1.86174304000e+05	5.375979e+03	0.000000e+00	5.366496e+03	0.000000e+00
1.86625685000e+05	4.731577e+03	0.000000e+00	4.753595e+03	0.000000e+00
1.87078159000e+05	4.232775e+03	0.000000e+00	4.269114e+03	0.000000e+00
1.87531731000e+05	3.833893e+03	0.000000e+00	3.877912e+03	0.000000e+00
1.87986403000e+05	3.511572e+03	0.000000e+00	3.556123e+03	0.000000e+00
1.88442177000e+05	3.241585e+03	0.000000e+00	3.287158e+03	0.000000e+00
1.88899056000e+05	3.013756e+03	0.000000e+00	3.059205e+03	0.000000e+00
1.89357042000e+05	2.819044e+03	0.000000e+00	2.863669e+03	0.000000e+00
1.89816139000e+05	2.652292e+03	0.000000e+00	2.694163e+03	0.000000e+00
1.90276349000e+05	2.504399e+03	0.000000e+00	2.545851e+03	0.000000e+00
1.90737675000e+05	2.374823e+03	0.000000e+00	2.415015e+03	0.000000e+00
1.91200120000e+05	2.259889e+03	0.000000e+00	2.298749e+03	0.000000e+00
1.91663685000e+05	2.156830e+03	0.000000e+00	2.194752e+03	0.000000e+00
1.92128375000e+05	2.065223e+03	0.000000e+00	2.101178e+03	0.000000e+00
1.92594191000e+05	1.983321e+03	0.000000e+00	2.016535e+03	0.000000e+00
1.93061136000e+05	1.906280e+03	0.000000e+00	1.939598e+03	0.000000e+00
1.93529214000e+05	1.837231e+03	0.000000e+00	1.869356e+03	0.000000e+00
1.93998426000e+05	1.773565e+03	0.000000e+00	1.804966e+03	0.000000e+00
1.94468777000e+05	1.716100e+03	0.000000e+00	1.745721e+03	0.000000e+00
1.94940267000e+05	1.661616e+03	0.000000e+00	1.691023e+03	0.000000e+00
1.95412901000e+05	1.612141e+03	0.000000e+00	1.640362e+03	0.000000e+00
1.95886680000e+05	1.566060e+03	0.000000e+00	1.593303e+03	0.000000e+00
1.96361608000e+05	1.523239e+03	0.000000e+00	1.549469e+03	0.000000e+00
1.96837688000e+05	1.482768e+03	0.000000e+00	1.508535e+03	0.000000e+00
1.97314922000e+05	1.445294e+03	0.000000e+00	1.470217e+03	0.000000e+00
1.97793313000e+05	1.409075e+03	0.000000e+00	1.434270e+03	0.000000e+00
1.98272863000e+05	1.376466e+03	0.000000e+00	1.400474e+03	0.000000e+00
1.98753577000e+05	1.344839e+03	0.000000e+00	1.368639e+03	0.000000e+00
1.99235456000e+05	1.315417e+03	0.000000e+00	1.338595e+03	0.000000e+00
1.99718503000e+05	1.287234e+03	0.000000e+00	1.310191e+03	0.000000e+00
2.00202722000e+05	1.261362e+03	0.000000e+00	1.283293e+03	0.000000e+00
2.00688114000e+05	1.235921e+03	0.000000e+00	1.257782e+03	0.000000e+00
2.01174683000e+05	1.211901e+03	0.000000e+00	1.233549e+03	0.000000e+00
2.01662432000e+05	1.189078e+03	0.000000e+00	1.210499e+03	0.000000e+00
2.02151364000e+05	1.168064e+03	0.000000e+00	1.188544e+03	0.000000e+00
2.02641481000e+05	1.147319e+03	0.000000e+00	1.167604e+03	0.000000e+00
2.03132786000e+05	1.126999e+03	0.000000e+00	1.147610e+03	0.000000e+00
2.03625282000e+05	1.108751e+03	0.000000e+00	1.128495e+03	0.000000e+00
2.04118973000e+05	1.090393e+03	0.000000e+00	1.110201e+03	0.000000e+00
2.04613860000e+05	1.073074e+03	0.000000e+00	1.092673e+03	0.000000e+00
2.05109947000e+05	1.056890e+03	0.000000e+00	1.075864e+03	0.000000e+00
2.05607237000e+05	1.040057e+03	0.000000e+00	1.059726e+03	0.000000e+00
2.06105733000e+05	1.025384e+03	0.000000e+00	1.044220e+03	0.000000e+00
2.06605437000e+05	1.010787e+03	0.000000e+00	1.029306e+03	0.000000e+00
2.07106353000e+05	9.964720e+02	0.000000e+00	1.014951e+03	0.000000e+00
2.07608483000e+05	9.823419e+02	0.000000e+00	1.001120e+03	0.000000e+00
2.08111831000e+05	9.693076e+02	0.000000e+00	9.877856e+02	0.000000e+00
2.08616399000e+05	9.565638e+02	0.000000e+00	9.749189e+02	0.000000e+00
2.09122191000e+05	9.444993e+02	0.000000e+00	9.624944e+02	0.000000e+00
2.09629208000e+05	9.326791e+02	0.000000e+00	9.504886e+02	0.000000e+00
2.10137455000e+05	9.209197e+02	0.000000e+00	9.388790e+02	0.000000e+00
2.10646935000e+05	9.104599e+02	0.000000e+00	9.276453e+02	0.000000e+00
2.11157649000e+05	8.993573e+02	0.000000e+00	9.167682e+02	0.000000e+00
2.11669602000e+05	8.888869e+02	0.000000e+00	9.062298e+02	0.000000e+00
2.12182796000e+05	8.788809e+02	0.000000e+00	8.960135e+02	0.000000e+00
2.12697234000e+05	8.693327e+02	0.000000e+00	8.861037e+02	0.000000e+00
2.13212919000e+05	8.594301e+02	0.000000e+00	8.764857e+02	0.000000e+00
2.13729855000e+05	8.504463e+02	0.000000e+00	8.671458e+02	0.000000e+00
2.14248044000e+05	8.412068e+02	0.000000e+00	8.580712e+02	0.000000e+00
2.14767489000e+05	8.325900e+02	0.000000e+00	8.492497e+02	0.000000e+00
2.15288194000e+05	8.239587e+02	0.000000e+00	8.406702e+02	0.000000e+00
2.15810161000e+05	8.155441e+02	0.000000e+00	8.323218e+02	0.000000e+00
2.16333394000e+05	8.073305e+02	0.000000e+00	8.241947e+02	0.000000e+00
2.16857895000e+05	7.996335e+02	0.000000e+00	8.162792e+02	0.000000e+00
2.17383668000e+05	7.920928e+02	0.000000e+00	8.085665e+02	0.000000e+00
2.17910716000e+05	7.845266e+02	0.000000e+00	8.010480e+02	0.000000e+00
2.18439042000e+05	7.772385e+02	0.000000e+00	7.937160e+02	0.000000e+00
2.18968648000e+05	7.703500e+02	0.000000e+00	7.865628e+02	0.000000e+00
2.19499538000e+05	7.632374e+02	0.000000e+00	7.795813e+02	0.000000e+00
2.20031716000e+05	7.560786e+02	0.000000e+00	7.727646e+02	0.000000e+00
2.20565184000e+05	7.499233e+02	0.000000e+00	7.661066e+02	0.000000e+00
2.21099945000e+05	7.433021e+02	0.000000e+00	7.596011e+02	0.000000e+00
2.21636003000e+05	7.371860e+02	0.000000e+00	7.532422e+02	0.000000e+00
2.22173361000e+05	7.306779e+02	0.000000e+00	7.470246e+02	0.000000e+00
2.22712021000e+05	7.245624e+02	0.000000e+00	7.409431e+02	0.000000e+00
2.23251987000e+05	7.185572e+02	0.000000e+00	7.349926e+02	0.000000e+00
2.23793263000e+05	7.128839e+02	0.000000e+00	7.291685e+02	0.000000e+00
2.24335851000e+05	7.073627e+02	0.000000e+00	7.234664e+02	0.000000e+00
2.24879754000e+05	7.016961e+02	0.000000e+00	7.178818e+02	0.000000e+00
2.25424976000e+05	6.962557e+02	0.000000e+00	7.124109e+02	0.000000e+00
2.25971520000e+05	6.911243e+02	0.000000e+00	7.070497e+02	0.000000e+00
2.26519389000e+05	6.857654e+02	0.000000e+00	7.017944e+02	0.000000e+00
2.27068586000e+05	6.803064e+02	0.000000e+00	6.966417e+02	0.000000e+00
2.27619115000e+05	6.751953e+02	0.000000e+00	6.915880e+02	0.000000e+00
2.28170979000e+05	6.701456e+02	0.000000e+00	6.866301e+02	0.000000e+00
2.28724180000e+05	6.653429e+02	0.000000e+00	6.817651e+02	0.000000e+00
2.29278723000e+05	6.604454e+02	0.000000e+00	6.769899e+02	0.000000e+00
2.29834610000e+05	6.560151e+02	0.000000e+00	6.723016e+02	0.000000e+00
2.30391845000e+05	6.514951e+02	0.000000e+00	6.676976e+02	0.000000e+00
2.30950431000e+05	6.469878e+02	0.000000e+00	6.631753e+02	0.000000e+00
2.31510372000e+05	6.421613e+02	0.000000e+00	6.587322e+02	0.000000e+00
2.32071670000e+05	6.379135e+02	0.000000e+00	6.543659e+02	0.000000e+00
2.32634329000e+05	6.335929e+02	0.000000e+00	6.500741e+02	0.000000e+00
2.33198352000e+05	6.293198e+02	0.000000e+00	6.458547e+02	0.000000e+00
2.33763742000e+05	6.250771e+02	0.000000e+00	6.417054e+02	0.000000e+00
2.34330503000e+05	6.210430e+02	0.000000e+00	6.376243e+02	0.000000e+00
2.34898639000e+05	6.170507e+02	0.000000e+00	6.336095e+02	0.000000e+00
2.35468152000e+05	6.130500e+02	0.000000e+00	6.296591e+02	0.000000e+00
2.36039045000e+05	6.091130e+02	0.000000e+00	6.257712e+02	0.000000e+00
2.36611323000e+05	6.049662e+02	0.000000e+00	6.219441e+02	0.000000e+00
2.37184988000e+05	6.015294e+02	0.000000e+00	6.181762e+02	0.000000e+00
2.37760044000e+05	5.977345e+02	0.000000e+00	6.144659e+02	0.000000e+00
2.38336495000e+05	5.938627e+02	0.000000e+00	6.108116e+02	0.000000e+00
2.38914343000e+05	5.904819e+02	0.000000e+00	6.072118e+02	0.000000e+00
2.39493591000e+05	5.866918e+02	0.000000e+00	6.036651e+02	0.000000e+00
2.40074245000e+05	5.831300e+02	0.000000e+00	6.001700e+02	0.000000e+00
2.40656306000e+05	5.795807e+02	0.000000e+00	5.967253e+02	0.000000e+00
2.41239778000e+05	5.762166e+02	0.000000e+00	5.933298e+02	0.000000e+00
2.41824665000e+05	5.728546e+02	0.000000e+00	5.899821e+02	0.000000e+00
2.42410970000e+05	5.692314e+02	0.000000e+00	5.866810e+02	0.000000e+00
2.42998697000e+05	5.661451e+02	0.000000e+00	5.834253e+02	0.000000e+00
2.43587848000e+05	5.628344e+02	0.000000e+00	5.802140e+02	0.000000e+00
2.44178428000e+05	5.597227e+02	0.000000e+00	5.770460e+02	0.000000e+00
2.44770440000e+05	5.564467e+02	0.000000e+00	5.739201e+02	0.000000e+00
2.45363887000e+05	5.529298e+02	0.000000e+00	5.708356e+02	0.000000e+00
2.45958773000e+05	5.500201e+02	0.000000e+00	5.677911e+02	0.000000e+00
2.46555101000e+05	5.469833e+02	0.000000e+00	5.647861e+02	0.000000e+00
2.47152875000e+05	5.440425e+02	0.000000e+00	5.618193e+02	0.000000e+00
2.47752098000e+05	5.411795e+02	0.000000e+00	5.588900e+02	0.000000e+00
2.48352774000e+05	5.383228e+02	0.000000e+00	5.559974e+02	0.000000e+00
2.48954907000e+05	5.352670e+02	0.000000e+00	5.531406e+02	0.000000e+00
2.49558499000e+05	5.324659e+02	0.000000e+00	5.503187e+02	0.000000e+00
2.50163555000e+05	5.296426e+02	0.000000e+00	5.475309e+02	0.000000e+00
2.50770077000e+05	5.268428e+02	0.000000e+00	5.447767e+02	0.000000e+00
2.51378071000e+05	5.235994e+02	0.000000e+00	5.420552e+02	0.000000e+00
2.51987538000e+05	5.212278e+02	0.000000e+00	5.393657e+02	0.000000e+00
2.52598483000e+05	5.183832e+02	0.000000e+00	5.367074e+02	0.000000e+00
2.53210909000e+05	5.155968e+02	0.000000e+00	5.340798e+02	0.000000e+00
2.53824820000e+05	5.129451e+02	0.000000e+00	5.314822e+02	0.000000e+00
2.54440220000e+05	5.099472e+02	0.000000e+00	5.289140e+02	0.000000e+00
2.55057111000e+05	5.075266e+02	0.000000e+00	5.263745e+02	0.000000e+00
2.55675498000e+05	5.052010e+02	0.000000e+00	5.238631e+02	0.000000e+00
2.56295385000e+05	5.026089e+02	0.000000e+00	5.213793e+02	0.000000e+00
2.56916774000e+05	4.997845e+02	0.000000e+00	5.189225e+02	0.000000e+00
2.57539670000e+05	4.974298e+02	0.000000e+00	5.164922e+02	0.000000e+00
2.58164076000e+05	4.947991e+02	0.000000e+00	5.140879e+02	0.000000e+00
2.58789996000e+05	4.924758e+02	0.000000e+00	5.117089e+02	0.000000e+00
2.59417433000e+05	4.899738e+02	0.000000e+00	5.093549e+02	0.000000e+00
2.60046392000e+05	4.875391e+02	0.000000e+00	5.070253e+02	0.000000e+00
2.60676876000e+05	4.852178e+02	0.000000e+00	5.047196e+02	0.000000e+00
2.61308888000e+05	4.827321e+02	0.000000e+00	5.024375e+02	0.000000e+00
2.61942433000e+05	4.805217e+02	0.000000e+00	5.001784e+02	0.000000e+00
2.62577513000e+05	4.780865e+02	0.000000e+00	4.979419e+02	0.000000e+00
2.63214134000e+05	4.757841e+02	0.000000e+00	4.957276e+02	0.000000e+00
2.63852298000e+05	4.735791e+02	0.000000e+00	4.935351e+02	0.000000e+00
2.64492009000e+05	4.710765e+02	0.000000e+00	4.913639e+02	0.000000e+00
2.65133271000e+05	4.689613e+02	0.000000e+00	4.892137e+02	0.000000e+00
2.65776088000e+05	4.668152e+02	0.000000e+00	4.870841e+02	0.000000e+00
2.66420463000e+05	4.644007e+02	0.000000e+00	4.849748e+02	0.000000e+00
2.67066401000e+05	4.620561e+02	0.000000e+00	4.828853e+02	0.000000e+00
2.67713904000e+05	4.599746e+02	0.000000e+00	4.808153e+02	0.000000e+00
2.68362978000e+05	4.577913e+02	0.000000e+00	4.787645e+02	0.000000e+00
2.69013625000e+05	4.554640e+02	0.000000e+00	4.767325e+02	0.000000e+00
2.69665850000e+05	4.532324e+02	0.000000e+00	4.747190e+02	0.000000e+00
2.70319656000e+05	4.509037e+02	0.000000e+00	4.727237e+02	0.000000e+00
2.70975047000e+05	4.489091e+02	0.000000e+00	4.707462e+02	0.000000e+00
2.71632028000e+05	4.467766e+02	0.000000e+00	4.687863e+02	0.000000e+00
2.72290601000e+05	4.457995e+02	0.000000e+00	4.668437e+02	0.000000e+00
2.72950771000e+05	4.441212e+02	0.000000e+00	4.649181e+02	0.000000e+00
2.73612541000e+05	4.418181e+02	0.000000e+00	4.630092e+02	0.000000e+00
2.74275916000e+05	4.398293e+02	0.000000e+00	4.611166e+02	0.000000e+00
2.74940899000e+05	4.375620e+02	0.000000e+00	4.592402e+02	0.000000e+00
2.75607495000e+05	4.357163e+02	0.000000e+00	4.573797e+02	0.000000e+00
2.76275706000e+05	4.335072e+02	0.000000e+00	4.555349e+02	0.000000e+00
2.76945538000e+05	4.316593e+02	0.000000e+00	4.537053e+02	0.000000e+00
2.77616994000e+05	4.296047e+02	0.000000e+00	4.518910e+02	0.000000e+00
2.78290077000e+05	4.275853e+02	0.000000e+00	4.500915e+02	0.000000e+00
2.78964793000e+05	4.258464e+02	0.000000e+00	4.483066e+02	0.000000e+00
2.79641144000e+05	4.238119e+02	0.000000e+00	4.465363e+02	0.000000e+00
2.80319136000e+05	4.220170e+02	0.000000e+00	4.447801e+02	0.000000e+00
2.80998771000e+05	4.198867e+02	0.000000e+00	4.430378e+02	0.000000e+00
2.81680053000e+05	4.178189e+02	0.000000e+00	4.413094e+02	0.000000e+00
2.82362988000e+05	4.161898e+02	0.000000e+00	4.395945e+02	0.000000e+00
2.83047578000e+05	4.143034e+02	0.000000e+00	4.378930e+02	0.000000e+00
2.83733829000e+05	4.123796e+02	0.000000e+00	4.362046e+02	0.000000e+00
2.84421743000e+05	4.107249e+02	0.000000e+00	4.345292e+02	0.000000e+00
2.85111324000e+05	4.088880e+02	0.000000e+00	4.328666e+02	0.000000e+00
2.85802578000e+05	4.070412e+02	0.000000e+00	4.312166e+02	0.000000e+00
2.86495508000e+05	4.051125e+02	0.000000e+00	4.295789e+02	0.000000e+00
2.87190117000e+05	4.033327e+02	0.000000e+00	4.279534e+02	0.000000e+00
2.87886411000e+05	4.015164e+02	0.000000e+00	4.263400e+02	0.000000e+00
2.88584393000e+05	3.999525e+02	0.000000e+00	4.247385e+02	0.000000e+00
2.89284067000e+05	3.981053e+02	0.000000e+00	4.231487e+02	0.000000e+00
2.89985438000e+05	3.962952e+02	0.000000e+00	4.215704e+02	0.000000e+00
2.90688509000e+05	3.945241e+02	0.000000e+00	4.200035e+02	0.000000e+00
2.91393284000e+05	3.928315e+02	0.000000e+00	4.184478e+02	0.000000e+00
2.92099769000e+05	3.909919e+02	0.000000e+00	4.169031e+02	0.000000e+00
2.92807966000e+05	3.893382e+02	0.000000e+00	4.153694e+02	0.000000e+00
2.93517880000e+05	3.877607e+02	0.000000e+00	4.138464e+02	0.000000e+00
2.94229516000e+05	3.857723e+02	0.000000e+00	4.123341e+02	0.000000e+00
2.94942877000e+05	3.840478e+02	0.000000e+00	4.108322e+02	0.000000e+00
2.95657967000e+05	3.822867e+02	0.000000e+00	4.093406e+02	0.000000e+00
2.96374791000e+05	3.807562e+02	0.000000e+00	4.078593e+02	0.000000e+00
2.97093353000e+05	3.789388e+02	0.000000e+00	4.063880e+02	0.000000e+00
2.97813657000e+05	3.773975e+02	0.000000e+00	4.049266e+02	0.000000e+00
2.98535708000e+05	3.757994e+02	0.000000e+00	4.034750e+02	0.000000e+00
2.99259509000e+05	3.741309e+02	0.000000e+00	4.020331e+02	0.000000e+00
2.99985065000e+05	3.725520e+02	0.000000e+00	4.006007e+02	0.000000e+00
3.00712380000e+05	3.708879e+02	0.000000e+00	3.991778e+02	0.000000e+00
3.01441459000e+05	3.691452e+02	0.000000e+00	3.977642e+02	0.000000e+00
3.02172305000e+05	3.677206e+02	0.000000e+00	3.963597e+02	0.000000e+00
3.02904923000e+05	3.658595e+02	0.000000e+00	3.949644e+02	0.000000e+00
3.03639318000e+05	3.643492e+02	0.000000e+00	3.935779e+02	0.000000e+00
3.04375493000e+05	3.626653e+02	0.000000e+00	3.922003e+02	0.000000e+00
3.05113452000e+05	3.609783e+02	0.000000e+00	3.908315e+02	0.000000e+00
3.05853201000e+05	3.594030e+02	0.000000e+00	3.894713e+02	0.000000e+00
3.06594744000e+05	3.577819e+02	0.000000e+00	3.881196e+02	0.000000e+00
3.07338084000e+05	3.562208e+02	0.000000e+00	3.867763e+02	0.000000e+00
3.08083227000e+05	3.545336e+02	0.000000e+00	3.854414e+02	0.000000e+00
3.08830176000e+05	3.530349e+02	0.000000e+00	3.841147e+02	0.000000e+00
3.09578936000e+05	3.514120e+02	0.000000e+00	3.827961e+02	0.000000e+00
3.10329512000e+05	3.497015e+02	0.000000e+00	3.814855e+02	0.000000e+00
3.11081907000e+05	3.481941e+02	0.000000e+00	3.801829e+02	0.000000e+00
3.11836127000e+05	3.466720e+02	0.000000e+00	3.788881e+02	0.000000e+00
3.12592175000e+05	3.451836e+02	0.000000e+00	3.776010e+02	0.000000e+00
3.13350056000e+05	3.434500e+02	0.000000e+00	3.763217e+02	0.000000e+00
3.14109775000e+05	3.421700e+02	0.000000e+00	3.750498e+02	0.000000e+00
3.14871335000e+05	3.404114e+02	0.000000e+00	3.737855e+02	0.000000e+00
3.15634742000e+05	3.388274e+02	0.000000e+00	3.725286e+02	0.000000e+00
3.16400000000e+05	3.371756e+02	0.000000e+00	3.712790e+02	0.000000e+00


"TRACE: B"
"FORMAT: LOG"

"Frequency"	"Data Trace Real"	"Data Trace Imag"	"Memory Trace Real"	"Memory Trace Imag"
7.40000000000e+04	-8.883969e+01	0.000000e+00	-8.983392e+01	0.000000e+00
7.41794130000e+04	-8.880925e+01	0.000000e+00	-8.983311e+01	0.000000e+00
7.43592620000e+04	-8.882549e+01	0.000000e+00	-8.983230e+01	0.000000e+00
7.45395460000e+04	-8.884114e+01	0.000000e+00	-8.983149e+01	0.000000e+00
7.47202680000e+04	-8.886129e+01	0.000000e+00	-8.983067e+01	0.000000e+00
7.49014270000e+04	-8.885440e+01	0.000000e+00	-8.982984e+01	0.000000e+00
7.50830260000e+04	-8.880804e+01	0.000000e+00	-8.982901e+01	0.000000e+00
7.52650650000e+04	-8.883167e+01	0.000000e+00	-8.982817e+01	0.000000e+00
7.54475460000e+04	-8.888146e+01	0.000000e+00	-8.982732e+01	0.000000e+00
7.56304690000e+04	-8.884415e+01	0.000000e+00	-8.982647e+01	0.000000e+00
7.58138350000e+04	-8.880977e+01	0.000000e+00	-8.982561e+01	0.000000e+00
7.59976460000e+04	-8.880276e+01	0.000000e+00	-8.982473e+01	0.000000e+00
7.61819030000e+04	-8.880778e+01	0.000000e+00	-8.982386e+01	0.000000e+00
7.63666060000e+04	-8.884200e+01	0.000000e+00	-8.982298e+01	0.000000e+00
7.65517570000e+04	-8.880643e+01	0.000000e+00	-8.982209e+01	0.000000e+00
7.67373570000e+04	-8.882861e+01	0.000000e+00	-8.982119e+01	0.000000e+00
7.69234070000e+04	-8.879791e+01	0.000000e+00	-8.982029e+01	0.000000e+00
7.71099090000e+04	-8.876901e+01	0.000000e+00	-8.981938e+01	0.000000e+00
7.72968620000e+04	-8.881539e+01	0.000000e+00	-8.981846e+01	0.000000e+00
7.74842680000e+04	-8.879444e+01	0.000000e+00	-8.981753e+01	0.000000e+00
7.76721290000e+04	-8.883058e+01	0.000000e+00	-8.981659e+01	0.000000e+00
7.78604460000e+04	-8.880909e+01	0.000000e+00	-8.981565e+01	0.000000e+00
7.80492190000e+04	-8.882873e+01	0.000000e+00	-8.981470e+01	0.000000e+00
7.82384500000e+04	-8.881922e+01	0.000000e+00	-8.981374e+01	0.000000e+00
7.84281390000e+04	-8.880400e+01	0.000000e+00	-8.981277e+01	0.000000e+00
7.86182880000e+04	-8.882714e+01	0.000000e+00	-8.981180e+01	0.000000e+00
7.88088990000e+04	-8.876192e+01	0.000000e+00	-8.981081e+01	0.000000e+00
7.89999710000e+04	-8.881361e+01	0.000000e+00	-8.980982e+01	0.000000e+00
7.91915070000e+04	-8.884711e+01	0.000000e+00	-8.980882e+01	0.000000e+00
7.93835070000e+04	-8.878724e+01	0.000000e+00	-8.980781e+01	0.000000e+00
7.95759730000e+04	-8.881396e+01	0.000000e+00	-8.980679e+01	0.000000e+00
7.97689050000e+04	-8.878766e+01	0.000000e+00	-8.980576e+01	0.000000e+00
7.99623050000e+04	-8.879952e+01	0.000000e+00	-8.980473e+01	0.000000e+00
8.01561740000e+04	-8.877489e+01	0.000000e+00	-8.980367e+01	0.000000e+00
8.03505130000e+04	-8.883923e+01	0.000000e+00	-8.980262e+01	0.000000e+00
8.05453240000e+04	-8.878162e+01	0.000000e+00	-8.980156e+01	0.000000e+00
8.07406060000e+04	-8.882218e+01	0.000000e+00	-8.980048e+01	0.000000e+00
8.09363620000e+04	-8.881026e+01	0.000000e+00	-8.979940e+01	0.000000e+00
8.11325930000e+04	-8.883643e+01	0.000000e+00	-8.979831e+01	0.000000e+00
8.13292990000e+04	-8.879282e+01	0.000000e+00	-8.979720e+01	0.000000e+00
8.15264820000e+04	-8.877496e+01	0.000000e+00	-8.979609e+01	0.000000e+00
8.17241440000e+04	-8.877962e+01	0.000000e+00	-8.979497e+01	0.000000e+00
8.19222840000e+04	-8.878642e+01	0.000000e+00	-8.979383e+01	0.000000e+00
8.21209050000e+04	-8.878802e+01	0.000000e+00	-8.979269e+01	0.000000e+00
8.23200080000e+04	-8.874217e+01	0.000000e+00	-8.979153e+01	0.000000e+00
8.25195930000e+04	-8.881649e+01	0.000000e+00	-8.979037e+01	0.000000e+00
8.27196620000e+04	-8.877025e+01	0.000000e+00	-8.978919e+01	0.000000e+00
8.29202160000e+04	-8.877747e+01	0.000000e+00	-8.978800e+01	0.000000e+00
8.31212570000e+04	-8.874638e+01	0.000000e+00	-8.978680e+01	0.000000e+00
8.33227840000e+04	-8.876448e+01	0.000000e+00	-8.978560e+01	0.000000e+00
8.35248010000e+04	-8.878299e+01	0.000000e+00	-8.978437e+01	0.000000e+00
8.37273070000e+04	-8.873076e+01	0.000000e+00	-8.978313e+01	0.000000e+00
8.39303040000e+04	-8.877225e+01	0.000000e+00	-8.978189e+01	0.000000e+00
8.41337940000e+04	-8.877140e+01	0.000000e+00	-8.978064e+01	0.000000e+00
8.43377770000e+04	-8.871368e+01	0.000000e+00	-8.977937e+01	0.000000e+00
8.45422540000e+04	-8.878655e+01	0.000000e+00	-8.977809e+01	0.000000e+00
8.47472270000e+04	-8.873051e+01	0.000000e+00	-8.977679e+01	0.000000e+00
8.49526970000e+04	-8.878723e+01	0.000000e+00	-8.977549e+01	0.000000e+00
8.51586650000e+04	-8.876031e+01	0.000000e+00	-8.977417e+01	0.000000e+00
8.53651330000e+04	-8.873567e+01	0.000000e+00	-8.977283e+01	0.000000e+00
8.55721010000e+04	-8.881195e+01	0.000000e+00	-8.977149e+01	0.000000e+00
8.57795710000e+04	-8.878953e+01	0.000000e+00	-8.977013e+01	0.000000e+00
8.59875440000e+04	-8.874901e+01	0.000000e+00	-8.976876e+01	0.000000e+00
8.61960210000e+04	-8.877856e+01	0.000000e+00	-8.976737e+01	0.000000e+00
8.64050040000e+04	-8.880017e+01	0.000000e+00	-8.976598e+01	0.000000e+00
8.66144930000e+04	-8.876235e+01	0.000000e+00	-8.976456e+01	0.000000e+00
8.68244900000e+04	-8.873753e+01	0.000000e+00	-8.976313e+01	0.000000e+00
8.70349970000e+04	-8.873102e+01	0.000000e+00	-8.976169e+01	0.000000e+00
8.72460130000e+04	-8.873752e+01	0.000000e+00	-8.976024e+01	0.000000e+00
8.74575420000e+04	-8.879098e+01	0.000000e+00	-8.975876e+01	0.000000e+00
8.76695830000e+04	-8.881886e+01	0.000000e+00	-8.975728e+01	0.000000e+00
8.78821380000e+04	-8.872792e+01	0.000000e+00	-8.975578e+01	0.000000e+00
8.80952090000e+04	-8.875454e+01	0.000000e+00	-8.975425e+01	0.000000e+00
8.83087960000e+04	-8.873858e+01	0.000000e+00	-8.975272e+01	0.000000e+00
8.85229010000e+04	-8.874895e+01	0.000000e+00	-8.975117e+01	0.000000e+00
8.87375260000e+04	-8.873956e+01	0.000000e+00	-8.974960e+01	0.000000e+00
8.89526700000e+04	-8.870955e+01	0.000000e+00	-8.974802e+01	0.000000e+00
8.91683360000e+04	-8.879702e+01	0.000000e+00	-8.974642e+01	0.000000e+00
8.93845250000e+04	-8.875682e+01	0.000000e+00	-8.974480e+01	0.000000e+00
8.96012380000e+04	-8.873787e+01	0.000000e+00	-8.974316e+01	0.000000e+00
8.98184770000e+04	-8.872754e+01	0.000000e+00	-8.974152e+01	0.000000e+00
9.00362420000e+04	-8.868317e+01	0.000000e+00	-8.973985e+01	0.000000e+00
9.02545360000e+04	-8.873633e+01	0.000000e+00	-8.973816e+01	0.000000e+00
9.04733580000e+04	-8.867246e+01	0.000000e+00	-8.973645e+01	0.000000e+00
9.06927110000e+04	-8.874816e+01	0.000000e+00	-8.973473e+01	0.000000e+00
9.09125960000e+04	-8.872833e+01	0.000000e+00	-8.973299e+01	0.000000e+00
9.11330140000e+04	-8.875905e+01	0.000000e+00	-8.973122e+01	0.000000e+00
9.13539670000e+04	-8.874850e+01	0.000000e+00	-8.972944e+01	0.000000e+00
9.15754550000e+04	-8.872310e+01	0.000000e+00	-8.972764e+01	0.000000e+00
9.17974800000e+04	-8.867382e+01	0.000000e+00	-8.972581e+01	0.000000e+00
9.20200430000e+04	-8.873875e+01	0.000000e+00	-8.972397e+01	0.000000e+00
9.22431460000e+04	-8.865957e+01	0.000000e+00	-8.972210e+01	0.000000e+00
9.24667900000e+04	-8.869882e+01	0.000000e+00	-8.972021e+01	0.000000e+00
9.26909760000e+04	-8.869006e+01	0.000000e+00	-8.971831e+01	0.000000e+00
9.29157060000e+04	-8.870457e+01	0.000000e+00	-8.971638e+01	0.000000e+00
9.31409810000e+04	-8.871409e+01	0.000000e+00	-8.971442e+01	0.000000e+00
9.33668010000e+04	-8.870428e+01	0.000000e+00	-8.971245e+01	0.000000e+00
9.35931700000e+04	-8.868583e+01	0.000000e+00	-8.971045e+01	0.000000e+00
9.38200870000e+04	-8.866315e+01	0.000000e+00	-8.970844e+01	0.000000e+00
9.40475540000e+04	-8.868005e+01	0.000000e+00	-8.970638e+01	0.000000e+00
9.42755730000e+04	-8.870454e+01	0.000000e+00	-8.970432e+01	0.000000e+00
9.45041440000e+04	-8.870093e+01	0.000000e+00	-8.970222e+01	0.000000e+00
9.47332700000e+04	-8.868568e+01	0.000000e+00	-8.970011e+01	0.000000e+00
9.49629510000e+04	-8.871465e+01	0.000000e+00	-8.969797e+01	0.000000e+00
9.51931890000e+04	-8.870853e+01	0.000000e+00	-8.969579e+01	0.000000e+00
9.54239860000e+04	-8.862187e+01	0.000000e+00	-8.969360e+01	0.000000e+00
9.56553410000e+04	-8.867544e+01	0.000000e+00	-8.969138e+01	0.000000e+00
9.58872580000e+04	-8.868788e+01	0.000000e+00	-8.968913e+01	0.000000e+00
9.61197370000e+04	-8.868805e+01	0.000000e+00	-8.968684e+01	0.000000e+00
9.63527800000e+04	-8.867129e+01	0.000000e+00	-8.968454e+01	0.000000e+00
9.65863880000e+04	-8.868310e+01	0.000000e+00	-8.968221e+01	0.000000e+00
9.68205620000e+04	-8.866372e+01	0.000000e+00	-8.967985e+01	0.000000e+00
9.70553040000e+04	-8.865276e+01	0.000000e+00	-8.967744e+01	0.000000e+00
9.72906150000e+04	-8.866788e+01	0.000000e+00	-8.967502e+01	0.000000e+00
9.75264970000e+04	-8.866999e+01	0.000000e+00	-8.967257e+01	0.000000e+00
9.77629500000e+04	-8.865638e+01	0.000000e+00	-8.967008e+01	0.000000e+00
9.79999770000e+04	-8.862441e+01	0.000000e+00	-8.966756e+01	0.000000e+00
9.82375780000e+04	-8.863066e+01	0.000000e+00	-8.966502e+01	0.000000e+00
9.84757560000e+04	-8.863797e+01	0.000000e+00	-8.966244e+01	0.000000e+00
9.87145100000e+04	-8.863248e+01	0.000000e+00	-8.965982e+01	0.000000e+00
9.89538440000e+04	-8.865265e+01	0.000000e+00	-8.965716e+01	0.000000e+00
9.91937580000e+04	-8.858285e+01	0.000000e+00	-8.965448e+01	0.000000e+00
9.94342540000e+04	-8.866776e+01	0.000000e+00	-8.965176e+01	0.000000e+00
9.96753330000e+04	-8.861881e+01	0.000000e+00	-8.964900e+01	0.000000e+00
9.99169960000e+04	-8.864050e+01	0.000000e+00	-8.964620e+01	0.000000e+00
1.00159245000e+05	-8.859241e+01	0.000000e+00	-8.964337e+01	0.000000e+00
1.00402082000e+05	-8.859218e+01	0.000000e+00	-8.964050e+01	0.000000e+00
1.00645507000e+05	-8.857538e+01	0.000000e+00	-8.963759e+01	0.000000e+00
1.00889523000e+05	-8.857590e+01	0.000000e+00	-8.963464e+01	0.000000e+00
1.01134130000e+05	-8.860679e+01	0.000000e+00	-8.963165e+01	0.000000e+00
1.01379330000e+05	-8.855779e+01	0.000000e+00	-8.962862e+01	0.000000e+00
1.01625125000e+05	-8.860300e+01	0.000000e+00	-8.962554e+01	0.000000e+00
1.01871515000e+05	-8.858269e+01	0.000000e+00	-8.962242e+01	0.000000e+00
1.02118503000e+05	-8.860465e+01	0.000000e+00	-8.961926e+01	0.000000e+00
1.02366090000e+05	-8.857613e+01	0.000000e+00	-8.961606e+01	0.000000e+00
1.02614277000e+05	-8.857580e+01	0.000000e+00	-8.961281e+01	0.000000e+00
1.02863066000e+05	-8.854070e+01	0.000000e+00	-8.960950e+01	0.000000e+00
1.03112458000e+05	-8.859573e+01	0.000000e+00	-8.960616e+01	0.000000e+00
1.03362454000e+05	-8.856782e+01	0.000000e+00	-8.960277e+01	0.000000e+00
1.03613057000e+05	-8.855573e+01	0.000000e+00	-8.959932e+01	0.000000e+00
1.03864267000e+05	-8.858006e+01	0.000000e+00	-8.959583e+01	0.000000e+00
1.04116087000e+05	-8.856286e+01	0.000000e+00	-8.959229e+01	0.000000e+00
1.04368517000e+05	-8.856190e+01	0.000000e+00	-8.958869e+01	0.000000e+00
1.04621559000e+05	-8.858270e+01	0.000000e+00	-8.958504e+01	0.000000e+00
1.04875214000e+05	-8.858537e+01	0.000000e+00	-8.958133e+01	0.000000e+00
1.05129485000e+05	-8.856371e+01	0.000000e+00	-8.957756e+01	0.000000e+00
1.05384372000e+05	-8.854728e+01	0.000000e+00	-8.957375e+01	0.000000e+00
1.05639876000e+05	-8.856743e+01	0.000000e+00	-8.956986e+01	0.000000e+00
1.05896001000e+05	-8.848952e+01	0.000000e+00	-8.956593e+01	0.000000e+00
1.06152746000e+05	-8.848665e+01	0.000000e+00	-8.956193e+01	0.000000e+00
1.06410114000e+05	-8.852898e+01	0.000000e+00	-8.955787e+01	0.000000e+00
1.06668106000e+05	-8.855008e+01	0.000000e+00	-8.955374e+01	0.000000e+00
1.06926723000e+05	-8.849565e+01	0.000000e+00	-8.954955e+01	0.000000e+00
1.07185967000e+05	-8.849086e+01	0.000000e+00	-8.954530e+01	0.000000e+00
1.07445840000e+05	-8.846841e+01	0.000000e+00	-8.954097e+01	0.000000e+00
1.07706343000e+05	-8.849669e+01	0.000000e+00	-8.953658e+01	0.000000e+00
1.07967478000e+05	-8.852705e+01	0.000000e+00	-8.953211e+01	0.000000e+00
1.08229245000e+05	-8.850374e+01	0.000000e+00	-8.952758e+01	0.000000e+00
1.08491648000e+05	-8.853552e+01	0.000000e+00	-8.952296e+01	0.000000e+00
1.08754686000e+05	-8.849605e+01	0.000000e+00	-8.951827e+01	0.000000e+00
1.09018362000e+05	-8.846937e+01	0.000000e+00	-8.951351e+01	0.000000e+00
1.09282678000e+05	-8.847244e+01	0.000000e+00	-8.950867e+01	0.000000e+00
1.09547634000e+05	-8.840682e+01	0.000000e+00	-8.950374e+01	0.000000e+00
1.09813233000e+05	-8.846072e+01	0.000000e+00	-8.949872e+01	0.000000e+00
1.10079476000e+05	-8.844021e+01	0.000000e+00	-8.949363e+01	0.000000e+00
1.10346364000e+05	-8.847504e+01	0.000000e+00	-8.948844e+01	0.000000e+00
1.10613899000e+05	-8.839376e+01	0.000000e+00	-8.948317e+01	0.000000e+00
1.10882083000e+05	-8.846454e+01	0.000000e+00	-8.947781e+01	0.000000e+00
1.11150917000e+05	-8.842071e+01	0.000000e+00	-8.947234e+01	0.000000e+00
1.11420403000e+05	-8.841064e+01	0.000000e+00	-8.946679e+01	0.000000e+00
1.11690542000e+05	-8.843831e+01	0.000000e+00	-8.946114e+01	0.000000e+00
1.11961337000e+05	-8.841645e+01	0.000000e+00	-8.945538e+01	0.000000e+00
1.12232788000e+05	-8.841251e+01	0.000000e+00	-8.944952e+01	0.000000e+00
1.12504896000e+05	-8.840491e+01	0.000000e+00	-8.944355e+01	0.000000e+00
1.12777665000e+05	-8.839766e+01	0.000000e+00	-8.943748e+01	0.000000e+00
1.13051095000e+05	-8.835752e+01	0.000000e+00	-8.943129e+01	0.000000e+00
1.13325188000e+05	-8.834261e+01	0.000000e+00	-8.942498e+01	0.000000e+00
1.13599945000e+05	-8.834724e+01	0.000000e+00	-8.941856e+01	0.000000e+00
1.13875369000e+05	-8.834732e+01	0.000000e+00	-8.941202e+01	0.000000e+00
1.14151460000e+05	-8.834644e+01	0.000000e+00	-8.940535e+01	0.000000e+00
1.14428221000e+05	-8.835501e+01	0.000000e+00	-8.939856e+01	0.000000e+00
1.14705653000e+05	-8.835043e+01	0.000000e+00	-8.939164e+01	0.000000e+00
1.14983757000e+05	-8.834163e+01	0.000000e+00	-8.938457e+01	0.000000e+00
1.15262536000e+05	-8.834741e+01	0.000000e+00	-8.937737e+01	0.000000e+00
1.15541990000e+05	-8.827375e+01	0.000000e+00	-8.937004e+01	0.000000e+00
1.15822122000e+05	-8.826581e+01	0.000000e+00	-8.936256e+01	0.000000e+00
1.16102934000e+05	-8.824545e+01	0.000000e+00	-8.935492e+01	0.000000e+00
1.16384426000e+05	-8.821807e+01	0.000000e+00	-8.934713e+01	0.000000e+00
1.16666600000e+05	-8.822493e+01	0.000000e+00	-8.933918e+01	0.000000e+00
1.16949459000e+05	-8.821377e+01	0.000000e+00	-8.933107e+01	0.000000e+00
1.17233004000e+05	-8.823855e+01	0.000000e+00	-8.932279e+01	0.000000e+00
1.17517236000e+05	-8.821581e+01	0.000000e+00	-8.931434e+01	0.000000e+00
1.17802157000e+05	-8.824694e+01	0.000000e+00	-8.930571e+01	0.000000e+00
1.18087769000e+05	-8.823241e+01	0.000000e+00	-8.929690e+01	0.000000e+00
1.18374073000e+05	-8.822401e+01	0.000000e+00	-8.928790e+01	0.000000e+00
1.18661071000e+05	-8.827065e+01	0.000000e+00	-8.927869e+01	0.000000e+00
1.18948766000e+05	-8.827389e+01	0.000000e+00	-8.926930e+01	0.000000e+00
1.19237158000e+05	-8.824814e+01	0.000000e+00	-8.925970e+01	0.000000e+00
1.19526249000e+05	-8.820696e+01	0.000000e+00	-8.924988e+01	0.000000e+00
1.19816040000e+05	-8.818675e+01	0.000000e+00	-8.923985e+01	0.000000e+00
1.20106535000e+05	-8.816009e+01	0.000000e+00	-8.922958e+01	0.000000e+00
1.20397734000e+05	-8.814648e+01	0.000000e+00	-8.921909e+01	0.000000e+00
1.20689639000e+05	-8.814648e+01	0.000000e+00	-8.920836e+01	0.000000e+00
1.20982251000e+05	-8.817313e+01	0.000000e+00	-8.919736e+01	0.000000e+00
1.21275573000e+05	-8.813588e+01	0.000000e+00	-8.918613e+01	0.000000e+00
1.21569607000e+05	-8.811807e+01	0.000000e+00	-8.917462e+01	0.000000e+00
1.21864353000e+05	-8.812660e+01	0.000000e+00	-8.916284e+01	0.000000e+00
1.22159813000e+05	-8.811743e+01	0.000000e+00	-8.915078e+01	0.000000e+00
1.22455990000e+05	-8.810028e+01	0.000000e+00	-8.913841e+01	0.000000e+00
1.22752885000e+05	-8.808780e+01	0.000000e+00	-8.912576e+01	0.000000e+00
1.23050500000e+05	-8.806197e+01	0.000000e+00	-8.911279e+01	0.000000e+00
1.23348837000e+05	-8.805935e+01	0.000000e+00	-8.909949e+01	0.000000e+00
1.23647897000e+05	-8.804430e+01	0.000000e+00	-8.908585e+01	0.000000e+00
1.23947682000e+05	-8.802159e+01	0.000000e+00	-8.907187e+01	0.000000e+00
1.24248193000e+05	-8.799012e+01	0.000000e+00	-8.905753e+01	0.000000e+00
1.24549434000e+05	-8.797288e+01	0.000000e+00	-8.904282e+01	0.000000e+00
1.24851404000e+05	-8.797455e+01	0.000000e+00	-8.902771e+01	0.000000e+00
1.25154107000e+05	-8.797150e+01	0.000000e+00	-8.901221e+01	0.000000e+00
1.25457544000e+05	-8.796469e+01	0.000000e+00	-8.899628e+01	0.000000e+00
1.25761716000e+05	-8.797717e+01	0.000000e+00	-8.897993e+01	0.000000e+00
1.26066626000e+05	-8.795014e+01	0.000000e+00	-8.896313e+01	0.000000e+00
1.26372275000e+05	-8.791064e+01	0.000000e+00	-8.894586e+01	0.000000e+00
1.26678665000e+05	-8.789014e+01	0.000000e+00	-8.892812e+01	0.000000e+00
1.26985798000e+05	-8.787656e+01	0.000000e+00	-8.890986e+01	0.000000e+00
1.27293676000e+05	-8.782645e+01	0.000000e+00	-8.889108e+01	0.000000e+00
1.27602300000e+05	-8.781514e+01	0.000000e+00	-8.887175e+01	0.000000e+00
1.27911672000e+05	-8.777325e+01	0.000000e+00	-8.885185e+01	0.000000e+00
1.28221795000e+05	-8.782725e+01	0.000000e+00	-8.883137e+01	0.000000e+00
1.28532669000e+05	-8.774056e+01	0.000000e+00	-8.881026e+01	0.000000e+00
1.28844297000e+05	-8.775391e+01	0.000000e+00	-8.878852e+01	0.000000e+00
1.29156681000e+05	-8.775845e+01	0.000000e+00	-8.876610e+01	0.000000e+00
1.29469822000e+05	-8.768066e+01	0.000000e+00	-8.874299e+01	0.000000e+00
1.29783722000e+05	-8.771613e+01	0.000000e+00	-8.871914e+01	0.000000e+00
1.30098383000e+05	-8.765771e+01	0.000000e+00	-8.869453e+01	0.000000e+00
1.30413807000e+05	-8.766333e+01	0.000000e+00	-8.866912e+01	0.000000e+00
1.30729996000e+05	-8.758730e+01	0.000000e+00	-8.864287e+01	0.000000e+00
1.31046952000e+05	-8.761462e+01	0.000000e+00	-8.861575e+01	0.000000e+00
1.31364676000e+05	-8.749482e+01	0.000000e+00	-8.858772e+01	0.000000e+00
1.31683170000e+05	-8.752097e+01	0.000000e+00	-8.855872e+01	0.000000e+00
1.32002436000e+05	-8.755688e+01	0.000000e+00	-8.852872e+01	0.000000e+00
1.32322477000e+05	-8.744441e+01	0.000000e+00	-8.849766e+01	0.000000e+00
1.32643293000e+05	-8.744084e+01	0.000000e+00	-8.846550e+01	0.000000e+00
1.32964888000e+05	-8.740746e+01	0.000000e+00	-8.843216e+01	0.000000e+00
1.33287262000e+05	-8.734866e+01	0.000000e+00	-8.839760e+01	0.000000e+00
1.33610417000e+05	-8.729668e+01	0.000000e+00	-8.836176e+01	0.000000e+00
1.33934356000e+05	-8.733617e+01	0.000000e+00	-8.832455e+01	0.000000e+00
1.34259081000e+05	-8.725874e+01	0.000000e+00	-8.828590e+01	0.000000e+00
1.34584593000e+05	-8.724600e+01	0.000000e+00	-8.824574e+01	0.000000e+00
1.34910893000e+05	-8.714912e+01	0.000000e+00	-8.820399e+01	0.000000e+00
1.35237986000e+05	-8.713206e+01	0.000000e+00	-8.816055e+01	0.000000e+00
1.35565871000e+05	-8.708407e+01	0.000000e+00	-8.811531e+01	0.000000e+00
1.35894551000e+05	-8.707085e+01	0.000000e+00	-8.806819e+01	0.000000e+00
1.36224028000e+05	-8.697344e+01	0.000000e+00	-8.801907e+01	0.000000e+00
1.36554304000e+05	-8.690285e+01	0.000000e+00	-8.796781e+01	0.000000e+00
1.36885380000e+05	-8.689118e+01	0.000000e+00	-8.791429e+01	0.000000e+00
1.37217259000e+05	-8.682240e+01	0.000000e+00	-8.785836e+01	0.000000e+00
1.37549943000e+05	-8.668809e+01	0.000000e+00	-8.779988e+01	0.000000e+00
1.37883434000e+05	-8.654121e+01	0.000000e+00	-8.773866e+01	0.000000e+00
1.38217733000e+05	-8.636996e+01	0.000000e+00	-8.767454e+01	0.000000e+00
1.38552842000e+05	-8.650742e+01	0.000000e+00	-8.760728e+01	0.000000e+00
1.38888764000e+05	-8.646018e+01	0.000000e+00	-8.753671e+01	0.000000e+00
1.39225501000e+05	-8.645345e+01	0.000000e+00	-8.746255e+01	0.000000e+00
1.39563053000e+05	-8.638335e+01	0.000000e+00	-8.738455e+01	0.000000e+00
1.39901425000e+05	-8.632124e+01	0.000000e+00	-8.730243e+01	0.000000e+00
1.40240616000e+05	-8.626430e+01	0.000000e+00	-8.721585e+01	0.000000e+00
1.40580630000e+05	-8.619569e+01	0.000000e+00	-8.712449e+01	0.000000e+00
1.40921469000e+05	-8.609801e+01	0.000000e+00	-8.702793e+01	0.000000e+00
1.41263134000e+05	-8.601067e+01	0.000000e+00	-8.692576e+01	0.000000e+00
1.41605627000e+05	-8.597046e+01	0.000000e+00	-8.681750e+01	0.000000e+00
1.41948950000e+05	-8.583498e+01	0.000000e+00	-8.670261e+01	0.000000e+00
1.42293106000e+05	-8.573682e+01	0.000000e+00	-8.658049e+01	0.000000e+00
1.42638096000e+05	-8.554900e+01	0.000000e+00	-8.645049e+01	0.000000e+00
1.42983923000e+05	-8.549331e+01	0.000000e+00	-8.631183e+01	0.000000e+00
1.43330588000e+05	-8.531796e+01	0.000000e+00	-8.616367e+01	0.000000e+00
1.43678094000e+05	-8.521819e+01	0.000000e+00	-8.600507e+01	0.000000e+00
1.44026442000e+05	-8.507822e+01	0.000000e+00	-8.583491e+01	0.000000e+00
1.44375635000e+05	-8.489272e+01	0.000000e+00	-8.565194e+01	0.000000e+00
1.44725674000e+05	-8.466410e+01	0.000000e+00	-8.545472e+01	0.000000e+00
1.45076562000e+05	-8.450393e+01	0.000000e+00	-8.524162e+01	0.000000e+00
1.45428301000e+05	-8.433011e+01	0.000000e+00	-8.501070e+01	0.000000e+00
1.45780893000e+05	-8.403911e+01	0.000000e+00	-8.475972e+01	0.000000e+00
1.46134339000e+05	-8.377776e+01	0.000000e+00	-8.448608e+01	0.000000e+00
1.46488643000e+05	-8.354264e+01	0.000000e+00	-8.418666e+01	0.000000e+00
1.46843805000e+05	-8.325438e+01	0.000000e+00	-8.385781e+01	0.000000e+00
1.47199828000e+05	-8.292370e+01	0.000000e+00	-8.349514e+01	0.000000e+00
1.47556715000e+05	-8.251449e+01	0.000000e+00	-8.309334e+01	0.000000e+00
1.47914467000e+05	-8.210584e+01	0.000000e+00	-8.264596e+01	0.000000e+00
1.48273086000e+05	-8.162346e+01	0.000000e+00	-8.214507e+01	0.000000e+00
1.48632575000e+05	-8.110635e+01	0.000000e+00	-8.158083e+01	0.000000e+00
1.48992935000e+05	-8.047668e+01	0.000000e+00	-8.094085e+01	0.000000e+00
1.49354170000e+05	-7.980621e+01	0.000000e+00	-8.020937e+01	0.000000e+00
1.49716279000e+05	-7.900980e+01	0.000000e+00	-7.936601e+01	0.000000e+00
1.50079267000e+05	-7.806846e+01	0.000000e+00	-7.838400e+01	0.000000e+00
1.50443135000e+05	-7.691297e+01	0.000000e+00	-7.722754e+01	0.000000e+00
1.50807885000e+05	-7.551010e+01	0.000000e+00	-7.584772e+01	0.000000e+00
1.51173520000e+05	-7.388338e+01	0.000000e+00	-7.417619e+01	0.000000e+00
1.51540040000e+05	-7.173896e+01	0.000000e+00	-7.211501e+01	0.000000e+00
1.51907450000e+05	-6.910480e+01	0.000000e+00	-6.951962e+01	0.000000e+00
1.52275750000e+05	-6.550214e+01	0.000000e+00	-6.617036e+01	0.000000e+00
1.52644944000e+05	-6.059757e+01	0.000000e+00	-6.172362e+01	0.000000e+00
1.53015032000e+05	-5.368707e+01	0.000000e+00	-5.563160e+01	0.000000e+00
1.53386018000e+05	-4.397953e+01	0.000000e+00	-4.703421e+01	0.000000e+00
1.53757903000e+05	-3.018904e+01	0.000000e+00	-3.474045e+01	0.000000e+00
1.54130689000e+05	-1.207502e+01	0.000000e+00	-1.783432e+01	0.000000e+00
1.54504380000e+05	8.081291e+00	0.000000e+00	2.379013e+00	0.000000e+00
1.54878977000e+05	2.609160e+01	0.000000e+00	2.161720e+01	0.000000e+00
1.55254481000e+05	3.980587e+01	0.000000e+00	3.659027e+01	0.000000e+00
1.55630897000e+05	4.973846e+01	0.000000e+00	4.719911e+01	0.000000e+00
1.56008224000e+05	5.683735e+01	0.000000e+00	5.462829e+01	0.000000e+00
1.56386467000e+05	6.202813e+01	0.000000e+00	5.995000e+01	0.000000e+00
1.56765627000e+05	6.599434e+01	0.000000e+00	6.388247e+01	0.000000e+00
1.57145706000e+05	6.905644e+01	0.000000e+00	6.687709e+01	0.000000e+00
1.57526706000e+05	7.147076e+01	0.000000e+00	6.921861e+01	0.000000e+00
1.57908630000e+05	7.335831e+01	0.000000e+00	7.109112e+01	0.000000e+00
1.58291481000e+05	7.501225e+01	0.000000e+00	7.261723e+01	0.000000e+00
1.58675259000e+05	7.626666e+01	0.000000e+00	7.388107e+01	0.000000e+00
1.59059968000e+05	7.738820e+01	0.000000e+00	7.494193e+01	0.000000e+00
1.59445610000e+05	7.829575e+01	0.000000e+00	7.584263e+01	0.000000e+00
1.59832186000e+05	7.913354e+01	0.000000e+00	7.661484e+01	0.000000e+00
1.60219700000e+05	7.979895e+01	0.000000e+00	7.728234e+01	0.000000e+00
1.60608154000e+05	8.044156e+01	0.000000e+00	7.786337e+01	0.000000e+00
1.60997549000e+05	8.090311e+01	0.000000e+00	7.837209e+01	0.000000e+00
1.61387888000e+05	8.141637e+01	0.000000e+00	7.881968e+01	0.000000e+00
1.61779174000e+05	8.178007e+01	0.000000e+00	7.921505e+01	0.000000e+00
1.62171408000e+05	8.207067e+01	0.000000e+00	7.956537e+01	0.000000e+00
1.62564593000e+05	8.242439e+01	0.000000e+00	7.987647e+01	0.000000e+00
1.62958732000e+05	8.265481e+01	0.000000e+00	8.015315e+01	0.000000e+00
1.63353826000e+05	8.289439e+01	0.000000e+00	8.039936e+01	0.000000e+00
1.63749878000e+05	8.312820e+01	0.000000e+00	8.061837e+01	0.000000e+00
1.64146891000e+05	8.331109e+01	0.000000e+00	8.081291e+01	0.000000e+00
1.64544866000e+05	8.353549e+01	0.000000e+00	8.098528e+01	0.000000e+00
1.64943805000e+05	8.374329e+01	0.000000e+00	8.113740e+01	0.000000e+00
1.65343712000e+05	8.392038e+01	0.000000e+00	8.127086e+01	0.000000e+00
1.65744589000e+05	8.403960e+01	0.000000e+00	8.138700e+01	0.000000e+00
1.66146437000e+05	8.417474e+01	0.000000e+00	8.148695e+01	0.000000e+00
1.66549260000e+05	8.430536e+01	0.000000e+00	8.157162e+01	0.000000e+00
1.66953060000e+05	8.440140e+01	0.000000e+00	8.164175e+01	0.000000e+00
1.67357838000e+05	8.442889e+01	0.000000e+00	8.169791e+01	0.000000e+00
1.67763598000e+05	8.446793e+01	0.000000e+00	8.174057e+01	0.000000e+00
1.68170342000e+05	8.457832e+01	0.000000e+00	8.177001e+01	0.000000e+00
1.68578071000e+05	8.468425e+01	0.000000e+00	8.178645e+01	0.000000e+00
1.68986790000e+05	8.470380e+01	0.000000e+00	8.178992e+01	0.000000e+00
1.69396499000e+05	8.473350e+01	0.000000e+00	8.178036e+01	0.000000e+00
1.69807202000e+05	8.472093e+01	0.000000e+00	8.175760e+01	0.000000e+00
1.70218900000e+05	8.476916e+01	0.000000e+00	8.172131e+01	0.000000e+00
1.70631596000e+05	8.476534e+01	0.000000e+00	8.167103e+01	0.000000e+00
1.71045293000e+05	8.470713e+01	0.000000e+00	8.160618e+01	0.000000e+00
1.71459994000e+05	8.468542e+01	0.000000e+00	8.152596e+01	0.000000e+00
1.71875699000e+05	8.465373e+01	0.000000e+00	8.142944e+01	0.000000e+00
1.72292413000e+05	8.460135e+01	0.000000e+00	8.131541e+01	0.000000e+00
1.72710136000e+05	8.452575e+01	0.000000e+00	8.118248e+01	0.000000e+00
1.73128873000e+05	8.448618e+01	0.000000e+00	8.102891e+01	0.000000e+00
1.73548625000e+05	8.434687e+01	0.000000e+00	8.085262e+01	0.000000e+00
1.73969394000e+05	8.430195e+01	0.000000e+00	8.065111e+01	0.000000e+00
1.74391184000e+05	8.418771e+01	0.000000e+00	8.042136e+01	0.000000e+00
1.74813996000e+05	8.402041e+01	0.000000e+00	8.015969e+01	0.000000e+00
1.75237833000e+05	8.384414e+01	0.000000e+00	7.986162e+01	0.000000e+00
1.75662698000e+05	8.367832e+01	0.000000e+00	7.952162e+01	0.000000e+00
1.76088593000e+05	8.340267e+01	0.000000e+00	7.913288e+01	0.000000e+00
1.76515521000e+05	8.312428e+01	0.000000e+00	7.868682e+01	0.000000e+00
1.76943483000e+05	8.281278e+01	0.000000e+00	7.817261e+01	0.000000e+00
1.77372484000e+05	8.243378e+01	0.000000e+00	7.757632e+01	0.000000e+00
1.77802524000e+05	8.197158e+01	0.000000e+00	7.687987e+01	0.000000e+00
1.78233607000e+05	8.144164e+01	0.000000e+00	7.605923e+01	0.000000e+00
1.78665735000e+05	8.081905e+01	0.000000e+00	7.508200e+01	0.000000e+00
1.79098911000e+05	8.007590e+01	0.000000e+00	7.390343e+01	0.000000e+00
1.79533137000e+05	7.917147e+01	0.000000e+00	7.246007e+01	0.000000e+00
1.79968416000e+05	7.788445e+01	0.000000e+00	7.065932e+01	0.000000e+00
1.80404751000e+05	7.632435e+01	0.000000e+00	6.836135e+01	0.000000e+00
1.80842143000e+05	7.426040e+01	0.000000e+00	6.534676e+01	0.000000e+00
1.81280595000e+05	7.124094e+01	0.000000e+00	6.125650e+01	0.000000e+00
1.81720111000e+05	6.673766e+01	0.000000e+00	5.547913e+01	0.000000e+00
1.82160692000e+05	5.936882e+01	0.000000e+00	4.695311e+01	0.000000e+00
1.82602342000e+05	4.593866e+01	0.000000e+00	3.395449e+01	0.000000e+00
1.83045062000e+05	1.950081e+01	0.000000e+00	1.468152e+01	0.000000e+00
1.83488855000e+05	-1.866935e+01	0.000000e+00	-9.288733e+00	0.000000e+00
1.83933725000e+05	-4.636615e+01	0.000000e+00	-3.110755e+01	0.000000e+00
1.84379673000e+05	-6.054645e+01	0.000000e+00	-4.660612e+01	0.000000e+00
1.84826703000e+05	-6.834727e+01	0.000000e+00	-5.677143e+01	0.000000e+00
1.85274816000e+05	-7.297725e+01	0.000000e+00	-6.354831e+01	0.000000e+00
1.85724015000e+05	-7.610484e+01	0.000000e+00	-6.826246e+01	0.000000e+00
1.86174304000e+05	-7.830299e+01	0.000000e+00	-7.168536e+01	0.000000e+00
1.86625685000e+05	-7.988305e+01	0.000000e+00	-7.426427e+01	0.000000e+00
1.87078159000e+05	-8.114149e+01	0.000000e+00	-7.626783e+01	0.000000e+00
1.87531731000e+05	-8.209530e+01	0.000000e+00	-7.786426e+01	0.000000e+00
1.87986403000e+05	-8.290582e+01	0.000000e+00	-7.916325e+01	0.000000e+00
1.88442177000e+05	-8.359328e+01	0.000000e+00	-8.023896e+01	0.000000e+00
1.88899056000e+05	-8.411549e+01	0.000000e+00	-8.114310e+01	0.000000e+00
1.89357042000e+05	-8.458186e+01	0.000000e+00	-8.191274e+01	0.000000e+00
1.89816139000e+05	-8.496068e+01	0.000000e+00	-8.257513e+01	0.000000e+00
1.90276349000e+05	-8.529034e+01	0.000000e+00	-8.315068e+01	0.000000e+00
1.90737675000e+05	-8.563633e+01	0.000000e+00	-8.365498e+01	0.000000e+00
1.91200120000e+05	-8.589140e+01	0.000000e+00	-8.410014e+01	0.000000e+00
1.91663685000e+05	-8.611311e+01	0.000000e+00	-8.449567e+01	0.000000e+00
1.92128375000e+05	-8.630708e+01	0.000000e+00	-8.484921e+01	0.000000e+00
1.92594191000e+05	-8.654271e+01	0.000000e+00	-8.516690e+01	0.000000e+00
1.93061136000e+05	-8.674913e+01	0.000000e+00	-8.545374e+01	0.000000e+00
1.93529214000e+05	-8.688731e+01	0.000000e+00	-8.571386e+01	0.000000e+00
1.93998426000e+05	-8.699741e+01	0.000000e+00	-8.595071e+01	0.000000e+00
1.94468777000e+05	-8.711697e+01	0.000000e+00	-8.616713e+01	0.000000e+00
1.94940267000e+05	-8.723674e+01	0.000000e+00	-8.636557e+01	0.000000e+00
1.95412901000e+05	-8.731351e+01	0.000000e+00	-8.654809e+01	0.000000e+00
1.95886680000e+05	-8.739560e+01	0.000000e+00	-8.671644e+01	0.000000e+00
1.96361608000e+05	-8.752396e+01	0.000000e+00	-8.687214e+01	0.000000e+00
1.96837688000e+05	-8.764339e+01	0.000000e+00	-8.701649e+01	0.000000e+00
1.97314922000e+05	-8.772999e+01	0.000000e+00	-8.715064e+01	0.000000e+00
1.97793313000e+05	-8.778410e+01	0.000000e+00	-8.727557e+01	0.000000e+00
1.98272863000e+05	-8.780505e+01	0.000000e+00	-8.739215e+01	0.000000e+00
1.98753577000e+05	-8.786826e+01	0.000000e+00	-8.750116e+01	0.000000e+00
1.99235456000e+05	-8.792043e+01	0.000000e+00	-8.760326e+01	0.000000e+00
1.99718503000e+05	-8.797789e+01	0.000000e+00	-8.769906e+01	0.000000e+00
2.00202722000e+05	-8.806031e+01	0.000000e+00	-8.778908e+01	0.000000e+00
2.00688114000e+05	-8.813735e+01	0.000000e+00	-8.787380e+01	0.000000e+00
2.01174683000e+05	-8.815878e+01	0.000000e+00	-8.795366e+01	0.000000e+00
2.01662432000e+05	-8.817201e+01	0.000000e+00	-8.802902e+01	0.000000e+00
2.02151364000e+05	-8.827106e+01	0.000000e+00	-8.810024e+01	0.000000e+00
2.02641481000e+05	-8.822296e+01	0.000000e+00	-8.816763e+01	0.000000e+00
2.03132786000e+05	-8.830955e+01	0.000000e+00	-8.823146e+01	0.000000e+00
2.03625282000e+05	-8.833256e+01	0.000000e+00	-8.829200e+01	0.000000e+00
2.04118973000e+05	-8.836921e+01	0.000000e+00	-8.834946e+01	0.000000e+00
2.04613860000e+05	-8.842543e+01	0.000000e+00	-8.840408e+01	0.000000e+00
2.05109947000e+05	-8.844024e+01	0.000000e+00	-8.845602e+01	0.000000e+00
2.05607237000e+05	-8.845612e+01	0.000000e+00	-8.850549e+01	0.000000e+00
2.06105733000e+05	-8.844486e+01	0.000000e+00	-8.855263e+01	0.000000e+00
2.06605437000e+05	-8.849107e+01	0.000000e+00	-8.859759e+01	0.000000e+00
2.07106353000e+05	-8.855491e+01	0.000000e+00	-8.864050e+01	0.000000e+00
2.07608483000e+05	-8.856326e+01	0.000000e+00	-8.868150e+01	0.000000e+00
2.08111831000e+05	-8.855531e+01	0.000000e+00	-8.872071e+01	0.000000e+00
2.08616399000e+05	-8.858444e+01	0.000000e+00	-8.875821e+01	0.000000e+00
2.09122191000e+05	-8.858797e+01	0.000000e+00	-8.879413e+01	0.000000e+00
2.09629208000e+05	-8.863810e+01	0.000000e+00	-8.882853e+01	0.000000e+00
2.10137455000e+05	-8.861018e+01	0.000000e+00	-8.886152e+01	0.000000e+00
2.10646935000e+05	-8.865025e+01	0.000000e+00	-8.889317e+01	0.000000e+00
2.11157649000e+05	-8.864867e+01	0.000000e+00	-8.892355e+01	0.000000e+00
2.11669602000e+05	-8.868995e+01	0.000000e+00	-8.895272e+01	0.000000e+00
2.12182796000e+05	-8.874269e+01	0.000000e+00	-8.898077e+01	0.000000e+00
2.12697234000e+05	-8.873754e+01	0.000000e+00	-8.900774e+01	0.000000e+00
2.13212919000e+05	-8.869550e+01	0.000000e+00	-8.903368e+01	0.000000e+00
2.13729855000e+05	-8.876216e+01	0.000000e+00	-8.905865e+01	0.000000e+00
2.14248044000e+05	-8.876634e+01	0.000000e+00	-8.908271e+01	0.000000e+00
2.14767489000e+05	-8.874725e+01	0.000000e+00	-8.910589e+01	0.000000e+00
2.15288194000e+05	-8.873436e+01	0.000000e+00	-8.912823e+01	0.000000e+00
2.15810161000e+05	-8.876466e+01	0.000000e+00	-8.914979e+01	0.000000e+00
2.16333394000e+05	-8.876782e+01	0.000000e+00	-8.917059e+01	0.000000e+00
2.16857895000e+05	-8.883004e+01	0.000000e+00	-8.919067e+01	0.000000e+00
2.17383668000e+05	-8.879987e+01	0.000000e+00	-8.921005e+01	0.000000e+00
2.17910716000e+05	-8.887423e+01	0.000000e+00	-8.922878e+01	0.000000e+00
2.18439042000e+05	-8.886366e+01	0.000000e+00	-8.924689e+01	0.000000e+00
2.18968648000e+05	-8.880256e+01	0.000000e+00	-8.926440e+01	0.000000e+00
2.19499538000e+05	-8.888445e+01	0.000000e+00	-8.928134e+01	0.000000e+00
2.20031716000e+05	-8.885459e+01	0.000000e+00	-8.929773e+01	0.000000e+00
2.20565184000e+05	-8.884688e+01	0.000000e+00	-8.931360e+01	0.000000e+00
2.21099945000e+05	-8.887142e+01	0.000000e+00	-8.932896e+01	0.000000e+00
2.21636003000e+05	-8.884946e+01	0.000000e+00	-8.934385e+01	0.000000e+00
2.22173361000e+05	-8.882594e+01	0.000000e+00	-8.935827e+01	0.000000e+00
2.22712021000e+05	-8.890633e+01	0.000000e+00	-8.937225e+01	0.000000e+00
2.23251987000e+05	-8.891329e+01	0.000000e+00	-8.938580e+01	0.000000e+00
2.23793263000e+05	-8.886643e+01	0.000000e+00	-8.939896e+01	0.000000e+00
2.24335851000e+05	-8.897334e+01	0.000000e+00	-8.941171e+01	0.000000e+00
2.24879754000e+05	-8.892146e+01	0.000000e+00	-8.942410e+01	0.000000e+00
2.25424976000e+05	-8.894473e+01	0.000000e+00	-8.943612e+01	0.000000e+00
2.25971520000e+05	-8.888746e+01	0.000000e+00	-8.944779e+01	0.000000e+00
2.26519389000e+05	-8.894473e+01	0.000000e+00	-8.945913e+01	0.000000e+00
2.27068586000e+05	-8.887202e+01	0.000000e+00	-8.947015e+01	0.000000e+00
2.27619115000e+05	-8.890852e+01	0.000000e+00	-8.948085e+01	0.000000e+00
2.28170979000e+05	-8.896285e+01	0.000000e+00	-8.949127e+01	0.000000e+00
2.28724180000e+05	-8.895985e+01	0.000000e+00	-8.950139e+01	0.000000e+00
2.29278723000e+05	-8.896554e+01	0.000000e+00	-8.951124e+01	0.000000e+00
2.29834610000e+05	-8.892026e+01	0.000000e+00	-8.952082e+01	0.000000e+00
2.30391845000e+05	-8.892322e+01	0.000000e+00	-8.953014e+01	0.000000e+00
2.30950431000e+05	-8.897015e+01	0.000000e+00	-8.953922e+01	0.000000e+00
2.31510372000e+05	-8.891496e+01	0.000000e+00	-8.954806e+01	0.000000e+00
2.32071670000e+05	-8.890006e+01	0.000000e+00	-8.955666e+01	0.000000e+00
2.32634329000e+05	-8.895081e+01	0.000000e+00	-8.956503e+01	0.000000e+00
2.33198352000e+05	-8.899520e+01	0.000000e+00	-8.957320e+01	0.000000e+00
2.33763742000e+05	-8.897652e+01	0.000000e+00	-8.958116e+01	0.000000e+00
2.34330503000e+05	-8.893515e+01	0.000000e+00	-8.958891e+01	0.000000e+00
2.34898639000e+05	-8.900546e+01	0.000000e+00	-8.959647e+01	0.000000e+00
2.35468152000e+05	-8.896874e+01	0.000000e+00	-8.960384e+01	0.000000e+00
2.36039045000e+05	-8.898212e+01	0.000000e+00	-8.961104e+01	0.000000e+00
2.36611323000e+05	-8.899030e+01	0.000000e+00	-8.961805e+01	0.000000e+00
2.37184988000e+05	-8.892837e+01	0.000000e+00	-8.962489e+01	0.000000e+00
2.37760044000e+05	-8.898322e+01	0.000000e+00	-8.963157e+01	0.000000e+00
2.38336495000e+05	-8.899800e+01	0.000000e+00	-8.963808e+01	0.000000e+00
2.38914343000e+05	-8.897213e+01	0.000000e+00	-8.964444e+01	0.000000e+00
2.39493591000e+05	-8.895142e+01	0.000000e+00	-8.965065e+01	0.000000e+00
2.40074245000e+05	-8.900790e+01	0.000000e+00	-8.965672e+01	0.000000e+00
2.40656306000e+05	-8.900535e+01	0.000000e+00	-8.966264e+01	0.000000e+00
2.41239778000e+05	-8.898586e+01	0.000000e+00	-8.966843e+01	0.000000e+00
2.41824665000e+05	-8.899453e+01	0.000000e+00	-8.967408e+01	0.000000e+00
2.42410970000e+05	-8.895573e+01	0.000000e+00	-8.967960e+01	0.000000e+00
2.42998697000e+05	-8.901765e+01	0.000000e+00	-8.968500e+01	0.000000e+00
2.43587848000e+05	-8.900509e+01	0.000000e+00	-8.969028e+01	0.000000e+00
2.44178428000e+05	-8.895076e+01	0.000000e+00	-8.969544e+01	0.000000e+00
2.44770440000e+05	-8.899242e+01	0.000000e+00	-8.970049e+01	0.000000e+00
2.45363887000e+05	-8.900562e+01	0.000000e+00	-8.970542e+01	0.000000e+00
2.45958773000e+05	-8.897703e+01	0.000000e+00	-8.971024e+01	0.000000e+00
2.46555101000e+05	-8.897710e+01	0.000000e+00	-8.971497e+01	0.000000e+00
2.47152875000e+05	-8.899366e+01	0.000000e+00	-8.971958e+01	0.000000e+00
2.47752098000e+05	-8.902985e+01	0.000000e+00	-8.972411e+01	0.000000e+00
2.48352774000e+05	-8.899660e+01	0.000000e+00	-8.972853e+01	0.000000e+00
2.48954907000e+05	-8.899689e+01	0.000000e+00	-8.973286e+01	0.000000e+00
2.49558499000e+05	-8.899757e+01	0.000000e+00	-8.973709e+01	0.000000e+00
2.50163555000e+05	-8.903329e+01	0.000000e+00	-8.974124e+01	0.000000e+00
2.50770077000e+05	-8.900309e+01	0.000000e+00	-8.974531e+01	0.000000e+00
2.51378071000e+05	-8.898837e+01	0.000000e+00	-8.974929e+01	0.000000e+00
2.51987538000e+05	-8.900564e+01	0.000000e+00	-8.975318e+01	0.000000e+00
2.52598483000e+05	-8.897594e+01	0.000000e+00	-8.975700e+01	0.000000e+00
2.53210909000e+05	-8.900976e+01	0.000000e+00	-8.976073e+01	0.000000e+00
2.53824820000e+05	-8.900972e+01	0.000000e+00	-8.976440e+01	0.000000e+00
2.54440220000e+05	-8.898422e+01	0.000000e+00	-8.976799e+01	0.000000e+00
2.55057111000e+05	-8.899959e+01	0.000000e+00	-8.977151e+01	0.000000e+00
2.55675498000e+05	-8.899371e+01	0.000000e+00	-8.977496e+01	0.000000e+00
2.56295385000e+05	-8.902332e+01	0.000000e+00	-8.977834e+01	0.000000e+00
2.56916774000e+05	-8.898410e+01	0.000000e+00	-8.978165e+01	0.000000e+00
2.57539670000e+05	-8.898671e+01	0.000000e+00	-8.978490e+01	0.000000e+00
2.58164076000e+05	-8.905357e+01	0.000000e+00	-8.978809e+01	0.000000e+00
2.58789996000e+05	-8.898961e+01	0.000000e+00	-8.979121e+01	0.000000e+00
2.59417433000e+05	-8.901231e+01	0.000000e+00	-8.979428e+01	0.000000e+00
2.60046392000e+05	-8.898102e+01	0.000000e+00	-8.979729e+01	0.000000e+00
2.60676876000e+05	-8.900816e+01	0.000000e+00	-8.980023e+01	0.000000e+00
2.61308888000e+05	-8.902893e+01	0.000000e+00	-8.980313e+01	0.000000e+00
2.61942433000e+05	-8.900809e+01	0.000000e+00	-8.980597e+01	0.000000e+00
2.62577513000e+05	-8.899382e+01	0.000000e+00	-8.980875e+01	0.000000e+00
2.63214134000e+05	-8.896756e+01	0.000000e+00	-8.981149e+01	0.000000e+00
2.63852298000e+05	-8.900471e+01	0.000000e+00	-8.981417e+01	0.000000e+00
2.64492009000e+05	-8.902704e+01	0.000000e+00	-8.981681e+01	0.000000e+00
2.65133271000e+05	-8.903548e+01	0.000000e+00	-8.981939e+01	0.000000e+00
2.65776088000e+05	-8.902287e+01	0.000000e+00	-8.982193e+01	0.000000e+00
2.66420463000e+05	-8.899712e+01	0.000000e+00	-8.982442e+01	0.000000e+00
2.67066401000e+05	-8.896790e+01	0.000000e+00	-8.982688e+01	0.000000e+00
2.67713904000e+05	-8.903307e+01	0.000000e+00	-8.982928e+01	0.000000e+00
2.68362978000e+05	-8.895454e+01	0.000000e+00	-8.983164e+01	0.000000e+00
2.69013625000e+05	-8.897936e+01	0.000000e+00	-8.983396e+01	0.000000e+00
2.69665850000e+05	-8.894219e+01	0.000000e+00	-8.983624e+01	0.000000e+00
2.70319656000e+05	-8.899264e+01	0.000000e+00	-8.983848e+01	0.000000e+00
2.70975047000e+05	-8.893703e+01	0.000000e+00	-8.984068e+01	0.000000e+00
2.71632028000e+05	-8.889428e+01	0.000000e+00	-8.984284e+01	0.000000e+00
2.72290601000e+05	-8.881698e+01	0.000000e+00	-8.984496e+01	0.000000e+00
2.72950771000e+05	-8.889792e+01	0.000000e+00	-8.984705e+01	0.000000e+00
2.73612541000e+05	-8.897659e+01	0.000000e+00	-8.984911e+01	0.000000e+00
2.74275916000e+05	-8.893259e+01	0.000000e+00	-8.985112e+01	0.000000e+00
2.74940899000e+05	-8.897611e+01	0.000000e+00	-8.985310e+01	0.000000e+00
2.75607495000e+05	-8.895792e+01	0.000000e+00	-8.985505e+01	0.000000e+00
2.76275706000e+05	-8.897633e+01	0.000000e+00	-8.985696e+01	0.000000e+00
2.76945538000e+05	-8.897771e+01	0.000000e+00	-8.985884e+01	0.000000e+00
2.77616994000e+05	-8.898991e+01	0.000000e+00	-8.986069e+01	0.000000e+00
2.78290077000e+05	-8.900653e+01	0.000000e+00	-8.986252e+01	0.000000e+00
2.78964793000e+05	-8.894288e+01	0.000000e+00	-8.986430e+01	0.000000e+00
2.79641144000e+05	-8.899052e+01	0.000000e+00	-8.986607e+01	0.000000e+00
2.80319136000e+05	-8.899352e+01	0.000000e+00	-8.986781e+01	0.000000e+00
2.80998771000e+05	-8.891750e+01	0.000000e+00	-8.986951e+01	0.000000e+00
2.81680053000e+05	-8.897276e+01	0.000000e+00	-8.987118e+01	0.000000e+00
2.82362988000e+05	-8.897878e+01	0.000000e+00	-8.987283e+01	0.000000e+00
2.83047578000e+05	-8.895600e+01	0.000000e+00	-8.987445e+01	0.000000e+00
2.83733829000e+05	-8.894485e+01	0.000000e+00	-8.987605e+01	0.000000e+00
2.84421743000e+05	-8.899724e+01	0.000000e+00	-8.987762e+01	0.000000e+00
2.85111324000e+05	-8.893070e+01	0.000000e+00	-8.987917e+01	0.000000e+00
2.85802578000e+05	-8.889677e+01	0.000000e+00	-8.988068e+01	0.000000e+00
2.86495508000e+05	-8.896866e+01	0.000000e+00	-8.988218e+01	0.000000e+00
2.87190117000e+05	-8.889668e+01	0.000000e+00	-8.988366e+01	0.000000e+00
2.87886411000e+05	-8.896926e+01	0.000000e+00	-8.988510e+01	0.000000e+00
2.88584393000e+05	-8.892879e+01	0.000000e+00	-8.988654e+01	0.000000e+00
2.89284067000e+05	-8.893521e+01	0.000000e+00	-8.988794e+01	0.000000e+00
2.89985438000e+05	-8.897241e+01	0.000000e+00	-8.988933e+01	0.000000e+00
2.90688509000e+05	-8.897293e+01	0.000000e+00	-8.989069e+01	0.000000e+00
2.91393284000e+05	-8.892525e+01	0.000000e+00	-8.989203e+01	0.000000e+00
2.92099769000e+05	-8.895853e+01	0.000000e+00	-8.989335e+01	0.000000e+00
2.92807966000e+05	-8.893283e+01	0.000000e+00	-8.989465e+01	0.000000e+00
2.93517880000e+05	-8.891328e+01	0.000000e+00	-8.989593e+01	0.000000e+00
2.94229516000e+05	-8.893735e+01	0.000000e+00	-8.989719e+01	0.000000e+00
2.94942877000e+05	-8.897252e+01	0.000000e+00	-8.989844e+01	0.000000e+00
2.95657967000e+05	-8.895058e+01	0.000000e+00	-8.989966e+01	0.000000e+00
2.96374791000e+05	-8.893845e+01	0.000000e+00	-8.990087e+01	0.000000e+00
2.97093353000e+05	-8.890035e+01	0.000000e+00	-8.990205e+01	0.000000e+00
2.97813657000e+05	-8.889620e+01	0.000000e+00	-8.990323e+01	0.000000e+00
2.98535708000e+05	-8.889624e+01	0.000000e+00	-8.990438e+01	0.000000e+00
2.99259509000e+05	-8.890674e+01	0.000000e+00	-8.990551e+01	0.000000e+00
2.99985065000e+05	-8.888466e+01	0.000000e+00	-8.990663e+01	0.000000e+00
3.00712380000e+05	-8.892593e+01	0.000000e+00	-8.990773e+01	0.000000e+00
3.01441459000e+05	-8.886157e+01	0.000000e+00	-8.990883e+01	0.000000e+00
3.02172305000e+05	-8.888503e+01	0.000000e+00	-8.990989e+01	0.000000e+00
3.02904923000e+05	-8.888778e+01	0.000000e+00	-8.991095e+01	0.000000e+00
3.03639318000e+05	-8.885352e+01	0.000000e+00	-8.991199e+01	0.000000e+00
3.04375493000e+05	-8.890173e+01	0.000000e+00	-8.991301e+01	0.000000e+00
3.05113452000e+05	-8.889700e+01	0.000000e+00	-8.991402e+01	0.000000e+00
3.05853201000e+05	-8.887409e+01	0.000000e+00	-8.991502e+01	0.000000e+00
3.06594744000e+05	-8.888586e+01	0.000000e+00	-8.991601e+01	0.000000e+00
3.07338084000e+05	-8.889223e+01	0.000000e+00	-8.991698e+01	0.000000e+00
3.08083227000e+05	-8.886051e+01	0.000000e+00	-8.991792e+01	0.000000e+00
3.08830176000e+05	-8.890163e+01	0.000000e+00	-8.991887e+01	0.000000e+00
3.09578936000e+05	-8.888329e+01	0.000000e+00	-8.991979e+01	0.000000e+00
3.10329512000e+05	-8.884587e+01	0.000000e+00	-8.992071e+01	0.000000e+00
3.11081907000e+05	-8.884292e+01	0.000000e+00	-8.992162e+01	0.000000e+00
3.11836127000e+05	-8.888110e+01	0.000000e+00	-8.992250e+01	0.000000e+00
3.12592175000e+05	-8.884933e+01	0.000000e+00	-8.992338e+01	0.000000e+00
3.13350056000e+05	-8.880946e+01	0.000000e+00	-8.992424e+01	0.000000e+00
3.14109775000e+05	-8.884307e+01	0.000000e+00	-8.992509e+01	0.000000e+00
3.14871335000e+05	-8.880817e+01	0.000000e+00	-8.992593e+01	0.000000e+00
3.15634742000e+05	-8.880128e+01	0.000000e+00	-8.992677e+01	0.000000e+00
3.16400000000e+05	-8.880548e+01	0.000000e+00	-8.992759e+01	0.000000e+00
