2.70E+04	3.45E-04
	
2.70E+04	3.46E-04
	
2.70E+04	3.46E-04
	
2.70E+04	3.46E-04
	
2.70E+04	3.46E-04
	
2.70E+04	3.47E-04
	
2.71E+04	3.47E-04
	
2.71E+04	3.47E-04
	
2.71E+04	3.47E-04
	
2.71E+04	3.48E-04
	
2.71E+04	3.48E-04
	
2.71E+04	3.48E-04
	
2.71E+04	3.48E-04
	
2.71E+04	3.49E-04
	
2.71E+04	3.49E-04
	
2.71E+04	3.49E-04
	
2.72E+04	3.50E-04
	
2.72E+04	3.50E-04
	
2.72E+04	3.50E-04
	
2.72E+04	3.50E-04
	
2.72E+04	3.51E-04
	
2.72E+04	3.51E-04
	
2.72E+04	3.51E-04
	
2.72E+04	3.52E-04
	
2.72E+04	3.52E-04
	
2.72E+04	3.52E-04
	
2.73E+04	3.52E-04
	
2.73E+04	3.53E-04
	
2.73E+04	3.53E-04
	
2.73E+04	3.53E-04
	
2.73E+04	3.54E-04
	
2.73E+04	3.54E-04
	
2.73E+04	3.54E-04
	
2.73E+04	3.54E-04
	
2.73E+04	3.55E-04
	
2.73E+04	3.55E-04
	
2.74E+04	3.55E-04
	
2.74E+04	3.56E-04
	
2.74E+04	3.56E-04
	
2.74E+04	3.56E-04
	
2.74E+04	3.57E-04
	
2.74E+04	3.57E-04
	
2.74E+04	3.57E-04
	
2.74E+04	3.57E-04
	
2.74E+04	3.58E-04
	
2.74E+04	3.58E-04
	
2.75E+04	3.58E-04
	
2.75E+04	3.59E-04
	
2.75E+04	3.59E-04
	
2.75E+04	3.59E-04
	
2.75E+04	3.60E-04
	
2.75E+04	3.60E-04
	
2.75E+04	3.60E-04
	
2.75E+04	3.61E-04
	
2.75E+04	3.61E-04
	
2.75E+04	3.61E-04
	
2.75E+04	3.62E-04
	
2.76E+04	3.62E-04
	
2.76E+04	3.62E-04
	
2.76E+04	3.62E-04
	
2.76E+04	3.63E-04
	
2.76E+04	3.63E-04
	
2.76E+04	3.63E-04
	
2.76E+04	3.64E-04
	
2.76E+04	3.64E-04
	
2.76E+04	3.64E-04
	
2.76E+04	3.65E-04
	
2.77E+04	3.65E-04
	
2.77E+04	3.65E-04
	
2.77E+04	3.66E-04
	
2.77E+04	3.66E-04
	
2.77E+04	3.66E-04
	
2.77E+04	3.67E-04
	
2.77E+04	3.67E-04
	
2.77E+04	3.67E-04
	
2.77E+04	3.68E-04
	
2.77E+04	3.68E-04
	
2.78E+04	3.69E-04
	
2.78E+04	3.69E-04
	
2.78E+04	3.69E-04
	
2.78E+04	3.70E-04
	
2.78E+04	3.70E-04
	
2.78E+04	3.70E-04
	
2.78E+04	3.71E-04
	
2.78E+04	3.71E-04
	
2.78E+04	3.71E-04
	
2.78E+04	3.72E-04
	
2.79E+04	3.72E-04
	
2.79E+04	3.72E-04
	
2.79E+04	3.73E-04
	
2.79E+04	3.73E-04
	
2.79E+04	3.74E-04
	
2.79E+04	3.74E-04
	
2.79E+04	3.74E-04
	
2.79E+04	3.75E-04
	
2.79E+04	3.75E-04
	
2.79E+04	3.75E-04
	
2.80E+04	3.76E-04
	
2.80E+04	3.76E-04
	
2.80E+04	3.77E-04
	
2.80E+04	3.77E-04
	
2.80E+04	3.77E-04
	
2.80E+04	3.78E-04
	
2.80E+04	3.78E-04
	
2.80E+04	3.79E-04
	
2.80E+04	3.79E-04
	
2.80E+04	3.79E-04
	
2.81E+04	3.80E-04
	
2.81E+04	3.80E-04
	
2.81E+04	3.81E-04
	
2.81E+04	3.81E-04
	
2.81E+04	3.81E-04
	
2.81E+04	3.82E-04
	
2.81E+04	3.82E-04
	
2.81E+04	3.83E-04
	
2.81E+04	3.83E-04
	
2.82E+04	3.83E-04
	
2.82E+04	3.84E-04
	
2.82E+04	3.84E-04
	
2.82E+04	3.85E-04
	
2.82E+04	3.85E-04
	
2.82E+04	3.86E-04
	
2.82E+04	3.86E-04
	
2.82E+04	3.86E-04
	
2.82E+04	3.87E-04
	
2.82E+04	3.87E-04
	
2.83E+04	3.88E-04
	
2.83E+04	3.88E-04
	
2.83E+04	3.89E-04
	
2.83E+04	3.89E-04
	
2.83E+04	3.90E-04
	
2.83E+04	3.90E-04
	
2.83E+04	3.91E-04
	
2.83E+04	3.91E-04
	
2.83E+04	3.91E-04
	
2.83E+04	3.92E-04
	
2.84E+04	3.92E-04
	
2.84E+04	3.93E-04
	
2.84E+04	3.93E-04
	
2.84E+04	3.94E-04
	
2.84E+04	3.94E-04
	
2.84E+04	3.95E-04
	
2.84E+04	3.95E-04
	
2.84E+04	3.96E-04
	
2.84E+04	3.96E-04
	
2.84E+04	3.97E-04
	
2.85E+04	3.97E-04
	
2.85E+04	3.98E-04
	
2.85E+04	3.98E-04
	
2.85E+04	3.99E-04
	
2.85E+04	3.99E-04
	
2.85E+04	4.00E-04
	
2.85E+04	4.00E-04
	
2.85E+04	4.01E-04
	
2.85E+04	4.01E-04
	
2.85E+04	4.02E-04
	
2.86E+04	4.02E-04
	
2.86E+04	4.03E-04
	
2.86E+04	4.03E-04
	
2.86E+04	4.04E-04
	
2.86E+04	4.05E-04
	
2.86E+04	4.05E-04
	
2.86E+04	4.06E-04
	
2.86E+04	4.06E-04
	
2.86E+04	4.07E-04
	
2.87E+04	4.07E-04
	
2.87E+04	4.08E-04
	
2.87E+04	4.08E-04
	
2.87E+04	4.09E-04
	
2.87E+04	4.10E-04
	
2.87E+04	4.10E-04
	
2.87E+04	4.11E-04
	
2.87E+04	4.11E-04
	
2.87E+04	4.12E-04
	
2.87E+04	4.12E-04
	
2.88E+04	4.13E-04
	
2.88E+04	4.14E-04
	
2.88E+04	4.14E-04
	
2.88E+04	4.15E-04
	
2.88E+04	4.15E-04
	
2.88E+04	4.16E-04
	
2.88E+04	4.17E-04
	
2.88E+04	4.17E-04
	
2.88E+04	4.18E-04
	
2.88E+04	4.19E-04
	
2.89E+04	4.19E-04
	
2.89E+04	4.20E-04
	
2.89E+04	4.20E-04
	
2.89E+04	4.21E-04
	
2.89E+04	4.22E-04
	
2.89E+04	4.22E-04
	
2.89E+04	4.23E-04
	
2.89E+04	4.24E-04
	
2.89E+04	4.24E-04
	
2.90E+04	4.25E-04
	
2.90E+04	4.26E-04
	
2.90E+04	4.27E-04
	
2.90E+04	4.27E-04
	
2.90E+04	4.28E-04
	
2.90E+04	4.29E-04
	
2.90E+04	4.29E-04
	
2.90E+04	4.30E-04
	
2.90E+04	4.31E-04
	
2.90E+04	4.32E-04
	
2.91E+04	4.32E-04
	
2.91E+04	4.33E-04
	
2.91E+04	4.34E-04
	
2.91E+04	4.35E-04
	
2.91E+04	4.35E-04
	
2.91E+04	4.36E-04
	
2.91E+04	4.37E-04
	
2.91E+04	4.38E-04
	
2.91E+04	4.38E-04
	
2.91E+04	4.39E-04
	
2.92E+04	4.40E-04
	
2.92E+04	4.41E-04
	
2.92E+04	4.42E-04
	
2.92E+04	4.43E-04
	
2.92E+04	4.43E-04
	
2.92E+04	4.44E-04
	
2.92E+04	4.45E-04
	
2.92E+04	4.46E-04
	
2.92E+04	4.47E-04
	
2.93E+04	4.48E-04
	
2.93E+04	4.48E-04
	
2.93E+04	4.49E-04
	
2.93E+04	4.50E-04
	
2.93E+04	4.51E-04
	
2.93E+04	4.52E-04
	
2.93E+04	4.53E-04
	
2.93E+04	4.54E-04
	
2.93E+04	4.55E-04
	
2.93E+04	4.56E-04
	
2.94E+04	4.57E-04
	
2.94E+04	4.58E-04
	
2.94E+04	4.59E-04
	
2.94E+04	4.60E-04
	
2.94E+04	4.61E-04
	
2.94E+04	4.62E-04
	
2.94E+04	4.63E-04
	
2.94E+04	4.64E-04
	
2.94E+04	4.65E-04
	
2.95E+04	4.66E-04
	
2.95E+04	4.67E-04
	
2.95E+04	4.68E-04
	
2.95E+04	4.69E-04
	
2.95E+04	4.70E-04
	
2.95E+04	4.71E-04
	
2.95E+04	4.72E-04
	
2.95E+04	4.73E-04
	
2.95E+04	4.74E-04
	
2.96E+04	4.76E-04
	
2.96E+04	4.77E-04
	
2.96E+04	4.78E-04
	
2.96E+04	4.79E-04
	
2.96E+04	4.80E-04
	
2.96E+04	4.82E-04
	
2.96E+04	4.83E-04
	
2.96E+04	4.84E-04
	
2.96E+04	4.85E-04
	
2.96E+04	4.87E-04
	
2.97E+04	4.88E-04
	
2.97E+04	4.89E-04
	
2.97E+04	4.90E-04
	
2.97E+04	4.92E-04
	
2.97E+04	4.93E-04
	
2.97E+04	4.95E-04
	
2.97E+04	4.96E-04
	
2.97E+04	4.97E-04
	
2.97E+04	4.99E-04
	
2.98E+04	5.00E-04
	
2.98E+04	5.02E-04
	
2.98E+04	5.03E-04
	
2.98E+04	5.05E-04
	
2.98E+04	5.06E-04
	
2.98E+04	5.08E-04
	
2.98E+04	5.09E-04
	
2.98E+04	5.11E-04
	
2.98E+04	5.12E-04
	
2.98E+04	5.14E-04
	
2.99E+04	5.16E-04
	
2.99E+04	5.17E-04
	
2.99E+04	5.19E-04
	
2.99E+04	5.21E-04
	
2.99E+04	5.22E-04
	
2.99E+04	5.24E-04
	
2.99E+04	5.26E-04
	
2.99E+04	5.28E-04
	
2.99E+04	5.30E-04
	
3.00E+04	5.31E-04
	
3.00E+04	5.33E-04
	
3.00E+04	5.35E-04
	
3.00E+04	5.37E-04
	
3.00E+04	5.39E-04
	
3.00E+04	5.41E-04
	
3.00E+04	5.43E-04
	
3.00E+04	5.45E-04
	
3.00E+04	5.47E-04
	
3.01E+04	5.49E-04
	
3.01E+04	5.51E-04
	
3.01E+04	5.53E-04
	
3.01E+04	5.56E-04
	
3.01E+04	5.58E-04
	
3.01E+04	5.60E-04
	
3.01E+04	5.63E-04
	
3.01E+04	5.66E-04
	
3.01E+04	5.68E-04
	
3.02E+04	5.70E-04
	
3.02E+04	5.73E-04
	
3.02E+04	5.75E-04
	
3.02E+04	5.78E-04
	
3.02E+04	5.80E-04
	
3.02E+04	5.83E-04
	
3.02E+04	5.86E-04
	
3.02E+04	5.89E-04
	
3.02E+04	5.91E-04
	
3.02E+04	5.94E-04
	
3.03E+04	5.97E-04
	
3.03E+04	6.00E-04
	
3.03E+04	6.03E-04
	
3.03E+04	6.06E-04
	
3.03E+04	6.10E-04
	
3.03E+04	6.13E-04
	
3.03E+04	6.16E-04
	
3.03E+04	6.20E-04
	
3.03E+04	6.23E-04
	
3.04E+04	6.27E-04
	
3.04E+04	6.30E-04
	
3.04E+04	6.34E-04
	
3.04E+04	6.38E-04
	
3.04E+04	6.41E-04
	
3.04E+04	6.45E-04
	
3.04E+04	6.49E-04
	
3.04E+04	6.54E-04
	
3.04E+04	6.58E-04
	
3.05E+04	6.62E-04
	
3.05E+04	6.66E-04
	
3.05E+04	6.71E-04
	
3.05E+04	6.75E-04
	
3.05E+04	6.80E-04
	
3.05E+04	6.85E-04
	
3.05E+04	6.90E-04
	
3.05E+04	6.95E-04
	
3.05E+04	7.00E-04
	
3.06E+04	7.06E-04
	
3.06E+04	7.11E-04
	
3.06E+04	7.17E-04
	
3.06E+04	7.22E-04
	
3.06E+04	7.28E-04
	
3.06E+04	7.34E-04
	
3.06E+04	7.41E-04
	
3.06E+04	7.47E-04
	
3.06E+04	7.54E-04
	
3.07E+04	7.61E-04
	
3.07E+04	7.68E-04
	
3.07E+04	7.76E-04
	
3.07E+04	7.83E-04
	
3.07E+04	7.92E-04
	
3.07E+04	8.00E-04
	
3.07E+04	8.08E-04
	
3.07E+04	8.17E-04
	
3.07E+04	8.26E-04
	
3.08E+04	8.35E-04
	
3.08E+04	8.45E-04
	
3.08E+04	8.54E-04
	
3.08E+04	8.65E-04
	
3.08E+04	8.75E-04
	
3.08E+04	8.86E-04
	
3.08E+04	8.97E-04
	
3.08E+04	9.09E-04
	
3.08E+04	9.21E-04
	
3.09E+04	9.34E-04
	
3.09E+04	9.47E-04
	
3.09E+04	9.61E-04
	
3.09E+04	9.76E-04
	
3.09E+04	9.91E-04
	
3.09E+04	1.01E-03
	
3.09E+04	1.02E-03
	
3.09E+04	1.04E-03
	
3.09E+04	1.06E-03
	
3.10E+04	1.08E-03
	
3.10E+04	1.10E-03
	
3.10E+04	1.12E-03
	
3.10E+04	1.14E-03
	
3.10E+04	1.16E-03
	
3.10E+04	1.18E-03
	
3.10E+04	1.21E-03
	
3.10E+04	1.24E-03
	
3.10E+04	1.26E-03
	
3.11E+04	1.29E-03
	
3.11E+04	1.32E-03
	
3.11E+04	1.36E-03
	
3.11E+04	1.39E-03
	
3.11E+04	1.43E-03
	
3.11E+04	1.47E-03
	
3.11E+04	1.51E-03
	
3.11E+04	1.55E-03
	
3.11E+04	1.59E-03
	
3.12E+04	1.64E-03
	
3.12E+04	1.69E-03
	
3.12E+04	1.74E-03
	
3.12E+04	1.79E-03
	
3.12E+04	1.84E-03
	
3.12E+04	1.90E-03
	
3.12E+04	1.95E-03
	
3.12E+04	2.01E-03
	
3.12E+04	2.06E-03
	
3.13E+04	2.11E-03
	
3.13E+04	2.16E-03
	
3.13E+04	2.20E-03
	
3.13E+04	2.23E-03
	
3.13E+04	2.25E-03
	
3.13E+04	2.26E-03
	
3.13E+04	2.26E-03
	
3.13E+04	2.25E-03
	
3.13E+04	2.22E-03
	
3.14E+04	2.18E-03
	
3.14E+04	2.13E-03
	
3.14E+04	2.07E-03
	
3.14E+04	2.00E-03
	
3.14E+04	1.93E-03
	
3.14E+04	1.86E-03
	
3.14E+04	1.78E-03
	
3.14E+04	1.70E-03
	
3.14E+04	1.62E-03
	
3.15E+04	1.54E-03
	
3.15E+04	1.47E-03
	
3.15E+04	1.40E-03
	
3.15E+04	1.33E-03
	
3.15E+04	1.26E-03
	
3.15E+04	1.20E-03
	
3.15E+04	1.14E-03
	
3.15E+04	1.09E-03
	
3.15E+04	1.04E-03
	
3.16E+04	9.87E-04
	
3.16E+04	9.40E-04
	
3.16E+04	8.96E-04
	
3.16E+04	8.55E-04
	
3.16E+04	8.16E-04
	
3.16E+04	7.79E-04
	
3.16E+04	7.44E-04
	
3.16E+04	7.11E-04
	
3.17E+04	6.80E-04
	
3.17E+04	6.50E-04
	
3.17E+04	6.22E-04
	
3.17E+04	5.95E-04
	
3.17E+04	5.70E-04
	
3.17E+04	5.46E-04
	
3.17E+04	5.23E-04
	
3.17E+04	5.01E-04
	
3.17E+04	4.80E-04
	
3.18E+04	4.61E-04
	
3.18E+04	4.42E-04
	
3.18E+04	4.24E-04
	
3.18E+04	4.06E-04
	
3.18E+04	3.90E-04
	
3.18E+04	3.74E-04
	
3.18E+04	3.59E-04
	
3.18E+04	3.44E-04
	
3.18E+04	3.30E-04
	
3.19E+04	3.17E-04
	
3.19E+04	3.04E-04
	
3.19E+04	2.91E-04
	
3.19E+04	2.79E-04
	
3.19E+04	2.68E-04
	
3.19E+04	2.57E-04
	
3.19E+04	2.46E-04
	
3.19E+04	2.36E-04
	
3.19E+04	2.26E-04
	
3.20E+04	2.16E-04
	
3.20E+04	2.07E-04
	
3.20E+04	1.98E-04
	
3.20E+04	1.90E-04
	
3.20E+04	1.81E-04
	
3.20E+04	1.74E-04
	
3.20E+04	1.66E-04
	
3.20E+04	1.59E-04
	
3.21E+04	1.51E-04
	
3.21E+04	1.44E-04
	
3.21E+04	1.38E-04
	
3.21E+04	1.31E-04
	
3.21E+04	1.25E-04
	
3.21E+04	1.19E-04
	
3.21E+04	1.13E-04
	
3.21E+04	1.07E-04
	
3.21E+04	1.02E-04
	
3.22E+04	9.66E-05
	
3.22E+04	9.17E-05
	
3.22E+04	8.69E-05
	
3.22E+04	8.23E-05
	
3.22E+04	7.80E-05
	
3.22E+04	7.39E-05
	
3.22E+04	7.01E-05
	
3.22E+04	6.65E-05
	
3.22E+04	6.31E-05
	
3.23E+04	6.01E-05
	
3.23E+04	5.73E-05
	
3.23E+04	5.48E-05
	
3.23E+04	5.27E-05
	
3.23E+04	5.08E-05
	
3.23E+04	4.93E-05
	
3.23E+04	4.81E-05
	
3.23E+04	4.73E-05
	
3.24E+04	4.69E-05
	
3.24E+04	4.67E-05
	
3.24E+04	4.69E-05
	
3.24E+04	4.73E-05
	
3.24E+04	4.80E-05
	
3.24E+04	4.90E-05
	
3.24E+04	5.01E-05
	
3.24E+04	5.14E-05
	
3.24E+04	5.29E-05
	
3.25E+04	5.45E-05
	
3.25E+04	5.61E-05
	
3.25E+04	5.79E-05
	
3.25E+04	5.98E-05
	
3.25E+04	6.17E-05
	
3.25E+04	6.37E-05
	
3.25E+04	6.57E-05
	
3.25E+04	6.77E-05
	
3.26E+04	6.98E-05
	
3.26E+04	7.18E-05
	
3.26E+04	7.39E-05
	
3.26E+04	7.60E-05
	
3.26E+04	7.81E-05
	
3.26E+04	8.01E-05
	
3.26E+04	8.22E-05
	
3.26E+04	8.42E-05
	
3.26E+04	8.63E-05
	
3.27E+04	8.83E-05
	
3.27E+04	9.03E-05
	
3.27E+04	9.23E-05
	
3.27E+04	9.43E-05
	
3.27E+04	9.63E-05
	
3.27E+04	9.82E-05
	
3.27E+04	1.00E-04
	
3.27E+04	1.02E-04
	
3.28E+04	1.04E-04
	
3.28E+04	1.06E-04
	
3.28E+04	1.08E-04
	
3.28E+04	1.09E-04
	
3.28E+04	1.11E-04
	
3.28E+04	1.13E-04
	
3.28E+04	1.15E-04
	
3.28E+04	1.17E-04
	
3.28E+04	1.18E-04
	
3.29E+04	1.20E-04
	
3.29E+04	1.22E-04
	
3.29E+04	1.23E-04
	
3.29E+04	1.25E-04
	
3.29E+04	1.27E-04
	
3.29E+04	1.28E-04
	
3.29E+04	1.30E-04
	
3.29E+04	1.31E-04
	
3.30E+04	1.33E-04
	
3.30E+04	1.34E-04
	
3.30E+04	1.36E-04
	
3.30E+04	1.37E-04
	
3.30E+04	1.39E-04
	
3.30E+04	1.40E-04
	
3.30E+04	1.42E-04
	
3.30E+04	1.43E-04
	
3.30E+04	1.45E-04
	
3.31E+04	1.46E-04
	
3.31E+04	1.47E-04
	
3.31E+04	1.49E-04
	
3.31E+04	1.50E-04
	
3.31E+04	1.51E-04
	
3.31E+04	1.53E-04
	
3.31E+04	1.54E-04
	
3.31E+04	1.55E-04
	
3.32E+04	1.57E-04
	
3.32E+04	1.58E-04
	
3.32E+04	1.59E-04
	
3.32E+04	1.60E-04
	
3.32E+04	1.62E-04
	
3.32E+04	1.63E-04
	
3.32E+04	1.64E-04
	
3.32E+04	1.65E-04
	
3.32E+04	1.66E-04
	
3.33E+04	1.68E-04
	
3.33E+04	1.69E-04
	
3.33E+04	1.70E-04
	
3.33E+04	1.71E-04
	
3.33E+04	1.72E-04
	
3.33E+04	1.73E-04
	
3.33E+04	1.74E-04
	
3.33E+04	1.75E-04
	
3.34E+04	1.76E-04
	
3.34E+04	1.78E-04
	
3.34E+04	1.79E-04
	
3.34E+04	1.80E-04
	
3.34E+04	1.81E-04
	
3.34E+04	1.82E-04
	
3.34E+04	1.83E-04
	
3.34E+04	1.84E-04
	
3.35E+04	1.85E-04
	
3.35E+04	1.86E-04
	
3.35E+04	1.87E-04
	
3.35E+04	1.88E-04
	
3.35E+04	1.89E-04
	
3.35E+04	1.90E-04
	
3.35E+04	1.91E-04
	
3.35E+04	1.91E-04
	
3.35E+04	1.92E-04
	
3.36E+04	1.93E-04
	
3.36E+04	1.94E-04
	
3.36E+04	1.95E-04
	
3.36E+04	1.96E-04
	
3.36E+04	1.97E-04
	
3.36E+04	1.98E-04
	
3.36E+04	1.99E-04
	
3.36E+04	1.99E-04
	
3.37E+04	2.00E-04
	
3.37E+04	2.01E-04
	
3.37E+04	2.02E-04
	
3.37E+04	2.03E-04
	
3.37E+04	2.04E-04
	
3.37E+04	2.04E-04
	
3.37E+04	2.05E-04
	
3.37E+04	2.06E-04
	
3.38E+04	2.07E-04
	
3.38E+04	2.08E-04
	
3.38E+04	2.08E-04
	
3.38E+04	2.09E-04
	
3.38E+04	2.10E-04
	
3.38E+04	2.11E-04
	
3.38E+04	2.12E-04
	
3.38E+04	2.12E-04
	
3.39E+04	2.13E-04
	
3.39E+04	2.14E-04
	
3.39E+04	2.15E-04
	
3.39E+04	2.15E-04
	
3.39E+04	2.16E-04
	
3.39E+04	2.17E-04
	
3.39E+04	2.17E-04
	
3.39E+04	2.18E-04
	
3.40E+04	2.19E-04
	
3.40E+04	2.20E-04
	
3.40E+04	2.20E-04
	
3.40E+04	2.21E-04
	
3.40E+04	2.22E-04
	
3.40E+04	2.22E-04
	
3.40E+04	2.23E-04
	
3.40E+04	2.24E-04
	
3.40E+04	2.24E-04
	
3.41E+04	2.25E-04
	
3.41E+04	2.26E-04
	
3.41E+04	2.26E-04
	
3.41E+04	2.27E-04
	
3.41E+04	2.28E-04
	
3.41E+04	2.28E-04
	
3.41E+04	2.29E-04
	
3.41E+04	2.30E-04
	
3.42E+04	2.30E-04
	
3.42E+04	2.31E-04
	
3.42E+04	2.31E-04
	
3.42E+04	2.32E-04
	
3.42E+04	2.33E-04
	
3.42E+04	2.33E-04
	
3.42E+04	2.34E-04
	
3.42E+04	2.34E-04
	
3.43E+04	2.35E-04
	
3.43E+04	2.36E-04
	
3.43E+04	2.36E-04
	
3.43E+04	2.37E-04
	
3.43E+04	2.37E-04
	
3.43E+04	2.38E-04
	
3.43E+04	2.39E-04
	
3.43E+04	2.39E-04
	
3.44E+04	2.40E-04
	
3.44E+04	2.40E-04
	
3.44E+04	2.41E-04
	
3.44E+04	2.41E-04
	
3.44E+04	2.42E-04
	
3.44E+04	2.43E-04
	
3.44E+04	2.43E-04
	
3.44E+04	2.44E-04
	
3.45E+04	2.44E-04
	
3.45E+04	2.45E-04
	
3.45E+04	2.45E-04
	
3.45E+04	2.46E-04
	
3.45E+04	2.46E-04
	
3.45E+04	2.47E-04
	
3.45E+04	2.47E-04
	
3.45E+04	2.48E-04
	
3.46E+04	2.48E-04
	
3.46E+04	2.49E-04
	
3.46E+04	2.49E-04
	
3.46E+04	2.50E-04
	
3.46E+04	2.51E-04
	
3.46E+04	2.51E-04
	
3.46E+04	2.52E-04
	
3.46E+04	2.52E-04
	
3.47E+04	2.53E-04
	
3.47E+04	2.53E-04
	
3.47E+04	2.54E-04
	
3.47E+04	2.54E-04
	
3.47E+04	2.55E-04
	
3.47E+04	2.55E-04
	
3.47E+04	2.56E-04
	
3.47E+04	2.56E-04
	
3.48E+04	2.56E-04
	
3.48E+04	2.57E-04
	
3.48E+04	2.57E-04
	
3.48E+04	2.58E-04
	
3.48E+04	2.58E-04
	
3.48E+04	2.59E-04
	
3.48E+04	2.59E-04
	
3.48E+04	2.60E-04
	
3.49E+04	2.60E-04
	
3.49E+04	2.61E-04
	
3.49E+04	2.61E-04
	
3.49E+04	2.62E-04
	
3.49E+04	2.62E-04
	
3.49E+04	2.63E-04
	
3.49E+04	2.63E-04
	
3.49E+04	2.63E-04
	
3.50E+04	2.64E-04
	
3.50E+04	2.64E-04
	
3.50E+04	2.65E-04
	
3.50E+04	2.65E-04
	
3.50E+04	2.66E-04
	
3.50E+04	2.66E-04
	
3.50E+04	2.66E-04
	
3.50E+04	2.67E-04
	
3.51E+04	2.67E-04
	
3.51E+04	2.68E-04
	
3.51E+04	2.68E-04
	
3.51E+04	2.69E-04
	
3.51E+04	2.69E-04
	
3.51E+04	2.69E-04
	
3.51E+04	2.70E-04
	
3.51E+04	2.70E-04
	
3.52E+04	2.71E-04
	
3.52E+04	2.71E-04
	
3.52E+04	2.72E-04
	
3.52E+04	2.72E-04
	
3.52E+04	2.72E-04
	
3.52E+04	2.73E-04
	
3.52E+04	2.73E-04
	
3.52E+04	2.74E-04
	
3.53E+04	2.74E-04
	
3.53E+04	2.74E-04
	
3.53E+04	2.75E-04
	
3.53E+04	2.75E-04
	
3.53E+04	2.76E-04
	
3.53E+04	2.76E-04
	
3.53E+04	2.76E-04
	
3.53E+04	2.77E-04
	
3.54E+04	2.77E-04
	
3.54E+04	2.78E-04
	
3.54E+04	2.78E-04
	
3.54E+04	2.78E-04
	
3.54E+04	2.79E-04
	
3.54E+04	2.79E-04
	
3.54E+04	2.79E-04
	
3.54E+04	2.80E-04
	
3.55E+04	2.80E-04
	
3.55E+04	2.81E-04
	
3.55E+04	2.81E-04
	
3.55E+04	2.81E-04
	
3.55E+04	2.82E-04
	
3.55E+04	2.82E-04
	
3.55E+04	2.82E-04
	
3.55E+04	2.83E-04
	
3.56E+04	2.83E-04
	
3.56E+04	2.84E-04
	
3.56E+04	2.84E-04
	
3.56E+04	2.84E-04
	
3.56E+04	2.85E-04
	
3.56E+04	2.85E-04
	
3.56E+04	2.85E-04
	
3.57E+04	2.86E-04
	
3.57E+04	2.86E-04
	
3.57E+04	2.86E-04
	
3.57E+04	2.87E-04
	
3.57E+04	2.87E-04
	
3.57E+04	2.87E-04
	
3.57E+04	2.88E-04
	
3.57E+04	2.88E-04
	
3.58E+04	2.89E-04
	
3.58E+04	2.89E-04
	
3.58E+04	2.89E-04
	
3.58E+04	2.90E-04
	
3.58E+04	2.90E-04
	
3.58E+04	2.90E-04
	
3.58E+04	2.91E-04
	
3.58E+04	2.91E-04
	
3.59E+04	2.91E-04
	
3.59E+04	2.92E-04
	
3.59E+04	2.92E-04
	
3.59E+04	2.92E-04
	
3.59E+04	2.93E-04
	
3.59E+04	2.93E-04
	
3.59E+04	2.93E-04
	
3.59E+04	2.94E-04
	
3.60E+04	2.94E-04
	
3.60E+04	2.94E-04
	
3.60E+04	2.95E-04
	
3.60E+04	2.95E-04